Month,0.0125,0.01434,0.016404,0.018694,0.021206,0.02393,0.026849,0.030074,0.033623,0.037515,0.041764,0.046384,0.051386,0.05678,0.06257,0.06876,0.075347,0.082325,0.089684,0.097408,0.105909,0.115273,0.125596,0.136986,0.149561,0.163458,0.178827,0.195837,0.214679,0.235567,0.258743,0.283548,0.310015,0.338169,0.368022,0.399577,0.432822,0.467732,0.504269,0.542379,0.581991,0.623018,0.663901,0.704243,0.743627,0.781631,0.817824,0.851783,0.883096,0.911374,0.936255,0.957414,0.974571,0.987495,0.99601
1,29817.24,28815.61,27821.96,26845.34,25967.34,25120.58,24333.23,23564.81,22806.49,22067.60,21388.31,20724.09,20075.80,19443.95,18833.28,18248.76,17682.26,17134.05,16589.94,16060.01,15522.94,14978.68,14407.48,13818.30,13221.16,12615.91,11987.63,11304.30,10612.88,9931.00,9290.96,8665.33,8124.91,7596.32,7108.86,6626.38,6148.21,5672.90,5200.48,4730.52,4250.42,3774.68,3313.16,2870.83,2453.14,2058.27,1694.08,1359.97,1058.79,792.40,563.58,372.90,220.96,108.04,34.32
1.1,10.00,11.48,13.15,15.01,17.06,19.29,21.69,24.34,27.28,30.51,34.06,37.92,42.13,46.68,51.58,56.85,62.47,68.46,74.80,81.48,88.87,97.04,106.10,116.14,127.29,139.69,153.48,168.84,185.98,205.11,226.51,249.59,274.43,301.06,329.54,359.90,392.17,426.35,462.44,500.41,540.24,581.85,623.67,665.28,706.23,746.03,784.21,820.25,853.68,884.03,910.85,933.75,952.38,966.44,975.73
2,29620.25,28654.17,27697.88,26759.57,25799.86,24869.20,24049.49,23270.95,22501.65,21755.17,21091.72,20443.29,19810.69,19194.42,18600.59,18035.86,17488.94,16960.04,16429.85,15911.80,15386.91,14855.11,14295.44,13717.28,13131.34,12537.47,11918.71,11237.93,10549.13,9870.98,9238.72,8620.57,8092.59,7575.84,7099.02,6626.22,6156.70,5685.51,5215.53,4747.51,4266.55,3789.77,3326.69,2882.42,2462.88,2065.62,1699.51,1364.02,1061.83,794.71,565.30,374.14,221.74,108.43,34.47
2.2,10.00,11.48,13.15,15.01,17.06,19.29,21.68,24.34,27.28,30.51,34.05,37.92,42.12,46.67,51.58,56.84,62.46,68.45,74.78,81.46,88.85,97.02,106.07,116.11,127.26,139.65,153.44,168.79,185.92,205.05,226.43,249.50,274.32,300.93,329.40,359.74,391.98,426.14,462.20,500.14,539.93,581.50,623.29,664.86,705.77,745.54,783.67,819.68,853.08,883.39,910.19,933.06,951.67,965.72,974.99
3,30021.92,29057.92,28105.02,27171.39,26220.42,25299.65,24473.52,23681.50,22898.97,22137.15,21447.29,20772.40,20113.36,19470.71,18852.02,18266.34,17698.72,17149.44,16604.02,16072.32,15533.48,14987.42,14416.54,13827.96,13231.47,12626.92,12001.47,11321.46,10633.40,9951.92,9310.79,8684.14,8142.12,7613.06,7129.24,6649.96,6174.47,5700.01,5227.49,4757.23,4275.89,3798.01,3334.97,2890.16,2470.63,2073.10,1706.42,1370.64,1067.77,799.80,569.34,377.07,223.63,109.16,34.64
3.3,10.00,11.48,13.15,15.01,17.05,19.28,21.68,24.33,27.27,30.50,34.03,37.90,42.09,46.63,51.53,56.78,62.39,68.37,74.69,81.35,88.72,96.87,105.90,115.91,127.02,139.37,153.11,168.41,185.47,204.52,225.82,248.79,273.49,299.98,328.29,358.48,390.54,424.50,460.34,498.05,537.58,578.88,620.38,661.66,702.27,741.75,779.59,815.32,848.45,878.52,905.10,927.79,946.24,960.18,969.37
4,30876.20,29829.57,28790.70,27768.57,26745.36,25751.64,24870.99,24031.00,23199.21,22392.97,21690.75,21003.53,20332.21,19677.37,19048.05,18454.63,17879.46,17322.80,16766.16,16222.40,15671.18,15112.45,14529.03,13928.40,13319.63,12702.60,12064.94,11378.02,10683.00,9999.15,9365.12,8745.00,8211.62,7689.62,7206.80,6727.94,6252.28,5773.42,5295.33,4819.44,4331.14,3846.94,3377.48,2927.15,2502.03,2099.98,1728.95,1389.26,1083.07,812.19,578.77,383.67,227.69,111.44,35.45
4.4,10.00,11.48,13.15,15.01,17.06,19.29,21.68,24.34,27.28,30.51,34.05,37.91,42.11,46.66,51.56,56.82,62.44,68.42,74.76,81.43,88.81,96.98,106.02,116.05,127.19,139.57,153.34,168.68,185.79,204.90,226.25,249.29,274.08,300.66,329.08,359.37,391.57,425.66,461.66,499.54,539.25,580.75,622.45,663.94,704.76,744.44,782.49,818.42,851.74,881.99,908.72,931.54,950.10,964.12,973.37
5,31615.79,30518.59,29427.64,28352.31,27273.92,26224.74,25299.82,24419.21,23545.86,22699.57,21968.44,21252.02,20551.29,19866.89,19210.04,18593.31,17994.96,17415.34,16842.13,16284.27,15718.53,15144.87,14550.22,13940.53,13322.52,12696.09,12052.16,11371.25,10682.22,10011.47,9407.51,8815.64,8309.18,7810.70,7334.56,6861.02,6389.15,5904.57,5418.08,4933.22,4433.06,3937.33,3456.28,2995.16,2559.76,2148.71,1769.29,1422.07,1109.16,832.21,593.27,393.35,233.45,114.27,36.32
5.5,10.00,11.48,13.15,15.01,17.06,19.29,21.69,24.35,27.28,30.52,34.06,37.92,42.13,46.68,51.58,56.85,62.47,68.46,74.80,81.48,88.87,97.04,106.10,116.15,127.30,139.69,153.49,168.85,185.99,205.13,226.52,249.61,274.44,301.08,329.56,359.93,392.20,426.39,462.48,500.46,540.29,581.90,623.73,665.35,706.30,746.11,784.29,820.34,853.78,884.13,910.96,933.86,952.49,966.56,975.85
6,32188.15,31029.25,29874.27,28733.27,27631.88,26559.98,25611.77,24707.33,23809.81,22939.57,22190.24,21455.56,20736.56,20033.92,19359.06,18725.56,18110.61,17514.62,16936.14,16376.70,15809.41,15234.24,14645.22,14044.84,13436.36,12819.65,12183.97,11503.06,10813.95,10138.77,9525.00,8923.63,8415.54,7916.61,7437.19,6960.06,6484.27,5992.99,5498.18,5005.41,4497.75,3994.19,3506.52,3038.74,2597.48,2180.67,1795.84,1443.88,1126.63,845.56,602.94,399.84,237.32,116.16,36.95
6.6,10.00,11.48,13.15,15.01,17.06,19.28,21.68,24.34,27.27,30.50,34.04,37.91,42.10,46.65,51.55,56.80,62.42,68.40,74.73,81.40,88.77,96.93,105.97,115.99,127.11,139.48,153.24,168.56,185.65,204.73,226.05,249.06,273.81,300.35,328.72,358.96,391.10,425.13,461.06,498.86,538.49,579.90,621.51,662.90,703.63,743.21,781.17,817.01,850.24,880.41,907.07,929.83,948.34,962.32,971.55
7,32274.29,31106.89,29943.02,28792.89,27699.17,26635.22,25687.55,24780.21,23879.78,23006.30,22250.96,21510.20,20785.06,20076.25,19397.39,18764.49,18150.17,17554.83,16980.61,16426.60,15864.94,15295.57,14716.48,14128.44,13532.55,12928.62,12301.29,11614.68,10919.79,10241.62,9631.23,9032.79,8533.93,8042.59,7559.33,7078.03,6597.67,6097.70,5593.37,5091.26,4573.80,4060.93,3564.66,3089.16,2640.53,2217.17,1826.17,1468.31,1145.63,859.70,612.92,406.33,241.09,117.96,37.51
7.7,10.00,11.48,13.15,15.01,17.06,19.29,21.68,24.34,27.28,30.51,34.05,37.91,42.11,46.66,51.56,56.82,62.44,68.42,74.75,81.42,88.80,96.96,106.01,116.04,127.17,139.55,153.32,168.65,185.76,204.85,226.21,249.24,274.01,300.58,328.99,359.28,391.45,425.54,461.52,499.37,539.07,580.54,622.22,663.69,704.49,744.15,782.17,818.08,851.38,881.60,908.32,931.13,949.68,963.68,972.93
8,31838.62,30713.18,29592.85,28487.38,27409.33,26360.82,25432.60,24547.07,23668.87,22817.61,22082.33,21361.85,20657.16,19968.90,19308.32,18688.50,18087.16,17504.68,16934.35,16381.18,15820.34,15251.81,14676.98,14095.14,13505.56,12908.03,12282.36,11581.70,10872.79,10186.54,9585.66,8996.29,8507.04,8024.51,7544.15,7065.55,6587.70,6089.23,5586.09,5085.09,4568.22,4055.97,3560.29,3085.40,2637.27,2214.11,1823.40,1465.74,1143.26,857.66,611.34,405.29,240.52,117.72,37.45
8.8,10.00,11.48,13.15,15.01,17.06,19.29,21.68,24.34,27.28,30.51,34.05,37.91,42.11,46.66,51.56,56.82,62.44,68.42,74.75,81.43,88.81,96.97,106.01,116.05,127.18,139.56,153.33,168.67,185.77,204.87,226.23,249.26,274.04,300.62,329.03,359.32,391.50,425.59,461.58,499.44,539.15,580.63,622.32,663.80,704.61,744.27,782.31,818.23,851.53,881.77,908.49,931.30,949.86,963.87,973.12
9,30913.96,29909.71,28916.02,27941.19,26893.47,25874.98,24981.21,24133.14,23293.13,22478.44,21767.30,21071.08,20390.69,19726.73,19090.08,18493.47,17915.15,17355.39,16793.18,16243.04,15685.25,15119.78,14539.60,13947.69,13347.82,12739.83,12108.48,11417.92,10719.23,10041.18,9442.83,8856.20,8361.26,7874.10,7398.71,6925.45,6453.38,5965.66,5474.50,4985.15,4480.00,3979.00,3493.42,3027.62,2587.99,2172.42,1788.82,1437.53,1120.82,840.72,599.31,397.53,236.08,115.63,36.80
9.9,10.00,11.48,13.15,15.01,17.06,19.29,21.68,24.34,27.28,30.51,34.05,37.91,42.11,46.66,51.56,56.82,62.44,68.42,74.75,81.42,88.80,96.96,106.00,116.03,127.17,139.54,153.31,168.64,185.74,204.84,226.19,249.22,273.99,300.56,328.96,359.24,391.42,425.49,461.47,499.32,539.01,580.47,622.15,663.61,704.40,744.05,782.07,817.97,851.26,881.48,908.19,930.99,949.53,963.54,972.78
10,29698.68,28867.03,28053.87,27265.44,26265.73,25295.08,24446.39,23643.28,22849.10,22077.24,21387.30,20712.20,20052.82,19409.73,18793.31,18215.55,17655.77,17114.23,16565.20,16026.41,15480.21,14926.54,14350.29,13758.09,13157.87,12549.51,11924.62,11264.07,10595.49,9943.52,9356.99,8781.69,8276.29,7778.95,7299.73,6823.59,6349.67,5865.42,5379.83,4896.46,4398.94,3905.93,3428.06,2969.96,2537.79,2129.76,1753.28,1408.63,1098.04,823.35,586.75,389.11,231.03,113.15,36.01
10.10,10.00,11.48,13.15,15.01,17.06,19.29,21.68,24.34,27.28,30.51,34.05,37.92,42.12,46.66,51.57,56.83,62.45,68.43,74.76,81.44,88.82,96.99,106.04,116.07,127.21,139.59,153.37,168.71,185.83,204.94,226.30,249.35,274.14,300.74,329.17,359.48,391.68,425.80,461.81,499.71,539.44,580.96,622.68,664.20,705.04,744.75,782.82,818.77,852.11,882.38,909.13,931.96,950.54,964.56,973.82
11,28799.17,27988.41,27195.32,26426.44,25551.27,24706.63,23934.49,23187.62,22451.07,21732.33,21063.67,20409.89,19771.82,19149.97,18551.77,17985.70,17437.38,16907.06,16370.80,15845.03,15312.14,14772.08,14200.32,13607.56,13006.74,12397.76,11774.47,11122.53,10462.65,9819.70,9243.95,8679.10,8174.22,7677.62,7200.06,6726.01,6254.65,5776.02,5296.96,4820.23,4330.48,3845.11,3374.61,2923.44,2497.89,2095.91,1725.15,1385.71,1079.85,809.28,576.40,381.98,226.67,110.97,35.30
11.11,10.00,11.48,13.15,15.01,17.06,19.29,21.68,24.34,27.28,30.51,34.05,37.91,42.11,46.66,51.56,56.82,62.44,68.42,74.75,81.43,88.81,96.97,106.02,116.05,127.19,139.56,153.33,168.67,185.78,204.88,226.24,249.28,274.06,300.63,329.05,359.34,391.53,425.62,461.61,499.48,539.19,580.68,622.37,663.86,704.67,744.35,782.39,818.31,851.62,881.86,908.59,931.40,949.96,963.98,973.22
12,28587.19,27674.55,26772.86,25889.67,24939.46,24016.94,23245.14,22534.63,21834.79,21153.15,20523.64,19909.16,19310.47,18727.97,18165.50,17627.39,17106.70,16603.58,16091.10,15587.01,15076.35,14559.05,14001.36,13416.72,12824.16,12223.58,11610.55,10972.87,10327.40,9694.14,9121.65,8560.17,8056.65,7562.66,7091.56,6624.09,6159.33,5689.77,5219.78,4751.76,4271.59,3794.55,3332.14,2887.52,2468.35,2071.10,1704.70,1369.28,1066.68,798.89,568.60,376.51,223.24,109.01,34.60
12.12,10.00,11.48,13.15,15.01,17.05,19.28,21.68,24.33,27.27,30.49,34.03,37.89,42.08,46.63,51.52,56.77,62.38,68.35,74.67,81.33,88.69,96.84,105.86,115.87,126.97,139.31,153.04,168.34,185.39,204.42,225.70,248.65,273.32,299.79,328.08,358.23,390.26,424.18,459.98,497.64,537.12,578.37,619.81,661.03,701.59,741.00,778.79,814.46,847.54,877.57,904.10,926.75,945.18,959.09,968.27
