Month,0.0125,0.01434,0.016404,0.018694,0.021206,0.02393,0.026849,0.030074,0.033623,0.037515,0.041764,0.046384,0.051386,0.05678,0.06257,0.06876,0.075347,0.082325,0.089684,0.097408,0.105909,0.115273,0.125596,0.136986,0.149561,0.163458,0.178827,0.195837,0.214679,0.235567,0.258743,0.283548,0.310015,0.338169,0.368022,0.399577,0.432822,0.467732,0.504269,0.542379,0.581991,0.623018,0.663901,0.704243,0.743627,0.781631,0.817824,0.851783,0.883096,0.911374,0.936255,0.957414,0.974571,0.987495,0.99601
1,29187.40,28295.59,27417.23,26559.74,25647.23,24764.58,23959.76,23181.41,22412.16,21662.25,20976.43,20304.96,19648.72,19008.29,18398.62,17837.07,17293.13,16767.02,16241.00,15727.41,15207.01,14679.73,14124.09,13549.62,12967.41,12377.32,11764.52,11096.00,10419.55,9756.87,9149.76,8555.55,8040.14,7534.85,7061.04,6591.19,6124.55,5655.62,5187.71,4721.90,4244.08,3770.30,3310.11,2868.43,2451.21,2055.53,1690.96,1356.74,1055.65,789.44,561.07,370.98,219.69,107.37,34.12
1.1,10.00,11.48,13.15,15.01,17.06,19.29,21.68,24.34,27.28,30.51,34.05,37.92,42.12,46.67,51.57,56.83,62.46,68.44,74.77,81.45,88.84,97.01,106.06,116.09,127.24,139.62,153.40,168.76,185.88,204.99,226.37,249.43,274.24,300.84,329.29,359.61,391.84,425.98,462.01,499.94,539.70,581.24,623.00,664.55,705.43,745.16,783.27,819.25,852.62,882.91,909.68,932.54,951.13,965.17,974.44
2,29539.59,28559.17,27587.68,26633.45,25662.24,24719.67,23901.99,23132.38,22372.19,21632.39,20963.34,20309.05,19670.35,19047.77,18451.18,17892.76,17352.02,16829.17,16305.14,15792.64,15273.43,14747.43,14192.41,13617.23,13034.35,12443.60,11830.77,11157.69,10476.70,9802.50,9169.97,8551.76,8017.83,7497.00,7020.71,6549.04,6081.05,5614.65,5150.25,4687.89,4214.46,3744.16,3288.08,2849.47,2435.88,2043.68,1682.00,1350.88,1052.20,787.81,560.54,370.99,219.86,107.27,34.03
2.2,10.00,11.48,13.15,15.01,17.05,19.28,21.68,24.33,27.27,30.49,34.03,37.89,42.09,46.63,51.52,56.77,62.39,68.36,74.68,81.34,88.70,96.85,105.87,115.88,126.99,139.33,153.07,168.36,185.42,204.46,225.74,248.69,273.38,299.85,328.15,358.31,390.36,424.29,460.11,497.78,537.28,578.55,620.01,661.25,701.83,741.26,779.07,814.76,847.86,877.90,904.45,927.11,945.55,959.47,968.65
3,30316.19,29248.05,28185.15,27136.78,26136.48,25165.08,24305.14,23485.66,22674.28,21885.89,21188.97,20506.49,19839.35,19188.16,18565.31,17986.00,17424.48,16881.03,16342.10,15816.99,15284.78,14745.41,14182.89,13603.74,13016.81,12421.94,11805.50,11132.35,10451.29,9781.06,9164.17,8560.72,8039.93,7530.73,7058.43,6589.95,6124.53,5656.24,5188.44,4722.69,4244.83,3770.43,3310.62,2868.93,2452.33,2057.70,1693.71,1360.47,1059.99,794.18,565.49,374.63,222.24,108.46,34.42
3.3,10.00,11.48,13.15,15.01,17.05,19.28,21.68,24.34,27.27,30.50,34.04,37.90,42.09,46.64,51.53,56.79,62.40,68.37,74.70,81.36,88.73,96.88,105.91,115.93,127.04,139.40,153.14,168.45,185.52,204.57,225.88,248.85,273.57,300.07,328.40,358.60,390.68,424.66,460.52,498.25,537.81,579.13,620.66,661.97,702.61,742.11,779.98,815.74,848.90,878.99,905.59,928.30,946.76,960.71,969.91
4,30975.49,29906.59,28844.26,27797.80,26785.05,25802.09,24905.40,24036.36,23174.42,22337.13,21603.23,20883.46,20178.84,19490.04,18834.08,18230.78,17645.50,17078.60,16520.32,15977.75,15427.61,14869.85,14288.50,13690.66,13084.66,12470.43,11837.42,11161.99,10478.59,9812.30,9211.66,8623.39,8115.66,7617.14,7145.49,6677.11,6211.17,5738.63,5265.67,4794.53,4310.07,3829.54,3363.27,2915.89,2493.24,2093.72,1724.67,1386.61,1081.70,811.63,578.64,383.72,227.77,111.50,35.47
4.4,10.00,11.48,13.15,15.01,17.06,19.29,21.68,24.34,27.28,30.51,34.05,37.92,42.12,46.67,51.57,56.83,62.46,68.44,74.77,81.45,88.83,97.00,106.05,116.09,127.23,139.62,153.40,168.75,185.87,204.99,226.36,249.42,274.22,300.83,329.27,359.60,391.82,425.95,461.99,499.91,539.67,581.21,622.96,664.51,705.38,745.11,783.21,819.19,852.56,882.85,909.62,932.47,951.06,965.10,974.36
5,31623.67,30545.70,29475.38,28422.03,27392.78,26394.21,25480.37,24593.47,23713.94,22858.98,22106.90,21369.27,20647.15,19941.23,19267.36,18644.57,18040.24,17454.74,16877.89,16317.01,15748.20,15171.43,14574.30,13962.11,13341.57,12712.60,12065.60,11377.20,10680.71,9999.00,9380.48,8774.98,8261.83,7758.74,7284.37,6812.71,6342.85,5861.77,5378.51,4897.13,4400.49,3907.89,3430.62,2972.77,2540.88,2133.02,1756.49,1412.12,1101.75,826.84,589.58,390.99,232.09,113.62,36.14
5.5,10.00,11.48,13.15,15.01,17.06,19.28,21.68,24.34,27.27,30.50,34.04,37.91,42.11,46.65,51.55,56.81,62.43,68.40,74.73,81.40,88.78,96.94,105.98,116.00,127.13,139.50,153.26,168.58,185.67,204.76,226.09,249.11,273.86,300.40,328.79,359.04,391.19,425.23,461.17,498.99,538.63,580.05,621.68,663.09,703.84,743.44,781.41,817.27,850.52,880.70,907.37,930.15,948.67,962.65,971.89
6,32254.28,31088.04,29925.21,28776.17,27709.80,26673.78,25724.34,24801.33,23884.62,22995.48,22228.75,21476.29,20739.17,20018.12,19330.45,18695.96,18079.95,17482.86,16905.58,16348.06,15782.71,15209.50,14616.21,14008.39,13392.29,12767.81,12126.71,11451.21,10767.54,10101.89,9502.77,8915.27,8415.00,7921.73,7444.65,6969.61,6495.64,6004.63,5510.44,5017.85,4509.20,4005.05,3516.00,3047.22,2604.59,2186.87,1801.13,1448.15,1129.94,848.06,604.69,400.91,237.88,116.40,36.99
6.6,10.00,11.48,13.15,15.01,17.06,19.29,21.69,24.34,27.28,30.51,34.06,37.92,42.13,46.68,51.58,56.85,62.47,68.46,74.80,81.48,88.86,97.04,106.09,116.14,127.29,139.68,153.48,168.84,185.97,205.11,226.50,249.59,274.42,301.05,329.53,359.89,392.16,426.33,462.42,500.39,540.21,581.82,623.64,665.25,706.19,745.99,784.16,820.20,853.63,883.98,910.80,933.69,952.32,966.39,975.67
7,32342.08,31168.32,29997.87,28841.16,27780.40,26750.34,25798.71,24869.89,23947.32,23051.38,22275.07,21512.91,20765.99,20035.09,19340.57,18706.90,18091.77,17495.56,16925.43,16377.12,15821.31,15257.94,14683.64,14099.76,13508.10,12908.47,12286.06,11605.81,10917.29,10242.32,9626.28,9022.52,8516.79,8019.40,7535.50,7053.75,6573.17,6075.08,5573.09,5073.24,4557.86,4046.92,3552.22,3078.00,2630.67,2208.33,1818.46,1461.81,1140.37,855.69,610.04,404.45,239.98,117.43,37.35
7.7,10.00,11.48,13.15,15.01,17.06,19.28,21.68,24.34,27.27,30.51,34.05,37.91,42.11,46.65,51.55,56.81,62.43,68.41,74.74,81.41,88.79,96.95,105.99,116.02,127.15,139.52,153.29,168.62,185.72,204.81,226.15,249.18,273.94,300.50,328.90,359.17,391.33,425.40,461.36,499.20,538.87,580.32,621.97,663.42,704.19,743.82,781.83,817.71,850.98,881.19,907.89,930.68,949.21,963.21,972.45
8,31960.53,30827.56,29699.55,28586.46,27542.58,26529.32,25599.21,24694.73,23797.11,22925.57,22167.34,21423.50,20695.12,19982.91,19304.67,18681.60,18077.02,17491.30,16917.78,16361.45,15797.35,15225.44,14648.24,14064.56,13473.10,12873.66,12248.59,11556.60,10856.37,10173.14,9558.57,8956.37,8459.25,7970.05,7491.11,7014.11,6538.06,6043.62,5545.02,5048.42,4536.03,4028.02,3536.18,3064.73,2619.78,2199.40,1811.27,1455.85,1135.37,851.66,607.03,402.47,238.89,116.95,37.21
8.8,10.00,11.48,13.15,15.01,17.06,19.29,21.68,24.34,27.28,30.51,34.05,37.91,42.11,46.66,51.56,56.82,62.44,68.42,74.75,81.42,88.80,96.96,106.01,116.04,127.17,139.54,153.31,168.65,185.75,204.85,226.20,249.23,274.00,300.57,328.98,359.26,391.43,425.51,461.49,499.35,539.04,580.50,622.18,663.65,704.44,744.09,782.12,818.02,851.31,881.54,908.25,931.05,949.60,963.61,972.85
9,31055.58,30032.29,29018.63,28023.28,27004.69,26016.19,25121.05,24257.11,23400.81,22569.15,21838.18,21121.74,20420.84,19736.12,19084.44,18485.51,17904.85,17342.75,16780.26,16230.65,15673.39,15108.44,14531.35,13944.00,13348.77,12745.49,12116.05,11419.81,10715.43,10032.11,9426.79,8833.60,8338.22,7850.45,7378.00,6907.53,6438.08,5952.02,5462.49,4974.67,4470.36,3970.44,3485.62,3020.69,2581.83,2167.27,1784.60,1434.19,1118.31,838.83,597.91,396.51,235.42,115.29,36.68
9.9,10.00,11.48,13.15,15.01,17.06,19.29,21.68,24.34,27.28,30.51,34.05,37.92,42.12,46.67,51.57,56.83,62.45,68.44,74.77,81.45,88.83,97.00,106.05,116.08,127.23,139.61,153.39,168.74,185.86,204.97,226.34,249.40,274.20,300.80,329.24,359.56,391.78,425.90,461.93,499.84,539.59,581.13,622.87,664.41,705.27,745.00,783.09,819.06,852.41,882.69,909.46,932.31,950.89,964.93,974.19
10,30028.76,29117.97,28221.46,27346.64,26376.56,25436.45,24591.68,23780.48,22978.14,22196.20,21485.52,20789.34,20108.60,19443.94,18812.16,18233.01,17671.87,17128.99,16577.23,16035.32,15485.90,14928.92,14350.81,13757.53,13156.21,12546.74,11916.69,11238.01,10551.32,9885.75,9298.45,8722.59,8223.98,7733.25,7260.14,6789.77,6321.23,5841.23,5359.38,4879.46,4384.19,3893.34,3417.24,2960.67,2529.82,2122.59,1747.01,1403.03,1093.11,819.28,583.65,386.98,229.75,112.52,35.81
10.10,10.00,11.48,13.15,15.01,17.06,19.29,21.68,24.34,27.28,30.51,34.05,37.92,42.12,46.67,51.57,56.83,62.45,68.43,74.77,81.45,88.83,96.99,106.04,116.08,127.22,139.60,153.38,168.73,185.84,204.96,226.33,249.38,274.18,300.77,329.21,359.52,391.74,425.86,461.88,499.79,539.53,581.06,622.79,664.32,705.18,744.89,782.98,818.94,852.29,882.56,909.32,932.16,950.75,964.78,974.04
11,30027.74,28944.82,27865.54,26799.62,25869.22,24968.79,24157.54,23378.15,22608.20,21857.49,21170.12,20497.37,19840.14,19198.99,18588.09,18025.00,17479.72,16952.47,16418.83,15895.17,15364.49,14826.75,14257.91,13667.80,13069.70,12463.50,11837.11,11159.04,10473.05,9802.04,9198.53,8607.60,8095.00,7593.03,7121.09,6652.57,6186.66,5715.24,5243.28,4773.27,4290.14,3810.48,3345.60,2899.02,2477.96,2079.89,1712.49,1376.21,1072.95,804.35,572.98,379.68,225.26,110.10,34.98
11.11,10.00,11.48,13.15,15.01,17.05,19.28,21.68,24.34,27.27,30.50,34.04,37.90,42.09,46.64,51.53,56.78,62.40,68.37,74.69,81.36,88.73,96.88,105.91,115.92,127.03,139.39,153.13,168.43,185.50,204.55,225.85,248.83,273.54,300.03,328.36,358.55,390.62,424.59,460.45,498.17,537.72,579.03,620.55,661.85,702.48,741.97,779.83,815.57,848.72,878.81,905.40,928.09,946.56,960.50,969.70
12,29294.40,28334.20,27383.32,26450.21,25554.55,24688.92,23900.13,23137.85,22385.18,21651.76,20979.09,20321.05,19678.50,19051.98,18454.63,17901.39,17365.80,16848.06,16323.90,15810.20,15289.72,14762.42,14201.66,13619.59,13029.64,12431.68,11811.99,11141.40,10462.85,9799.77,9194.91,8602.71,8088.52,7583.83,7109.11,6638.16,6170.20,5698.26,5226.97,4757.55,4275.05,3796.85,3332.59,2887.51,2467.11,2069.26,1702.57,1366.42,1063.64,796.16,566.37,374.88,222.21,108.68,34.51
12.12,10.00,11.48,13.15,15.01,17.06,19.29,21.69,24.35,27.28,30.52,34.06,37.93,42.13,46.68,51.58,56.85,62.48,68.46,74.80,81.48,88.87,97.05,106.11,116.15,127.30,139.70,153.50,168.86,186.00,205.14,226.54,249.63,274.47,301.11,329.60,359.97,392.24,426.43,462.53,500.52,540.35,581.98,623.81,665.44,706.40,746.22,784.41,820.47,853.91,884.27,911.10,934.01,952.65,966.72,976.01
