Month,0.0125,0.01434,0.016404,0.018694,0.021206,0.02393,0.026849,0.030074,0.033623,0.037515,0.041764,0.046384,0.051386,0.05678,0.06257,0.06876,0.075347,0.082325,0.089684,0.097408,0.105909,0.115273,0.125596,0.136986,0.149561,0.163458,0.178827,0.195837,0.214679,0.235567,0.258743,0.283548,0.310015,0.338169,0.368022,0.399577,0.432822,0.467732,0.504269,0.542379,0.581991,0.623018,0.663901,0.704243,0.743627,0.781631,0.817824,0.851783,0.883096,0.911374,0.936255,0.957414,0.974571,0.987495,0.99601
1,29043.61,28065.12,27094.34,26139.35,25113.34,24113.52,23310.29,22587.92,21875.80,21185.45,20568.46,19966.81,19381.22,18812.07,18254.20,17700.66,17164.59,16646.21,16124.00,15612.68,15094.57,14569.60,14007.90,13422.43,12829.00,12227.50,11613.45,10976.16,10331.04,9701.01,9133.12,8575.95,8080.19,7592.52,7123.78,6658.15,6194.79,5723.87,5252.04,4782.04,4297.94,3817.74,3351.57,2904.00,2481.60,2081.57,1712.82,1374.87,1070.28,801.01,569.77,377.09,223.51,109.32,34.76
1.1,10.00,11.48,13.15,15.01,17.06,19.29,21.68,24.34,27.28,30.51,34.05,37.91,42.11,46.66,51.56,56.82,62.44,68.42,74.75,81.42,88.80,96.96,106.01,116.04,127.17,139.54,153.31,168.65,185.75,204.85,226.20,249.23,274.00,300.57,328.97,359.25,391.43,425.51,461.49,499.34,539.03,580.50,622.17,663.64,704.43,744.08,782.10,818.01,851.30,881.52,908.23,931.04,949.58,963.59,972.83
2,29404.83,28314.07,27224.89,26146.62,25072.30,24023.02,23202.96,22478.38,21763.81,21071.52,20457.32,19858.39,19275.43,18708.83,18153.72,17603.40,17070.47,16555.14,16036.61,15528.97,15014.61,14493.46,13938.78,13361.82,12777.05,12184.35,11580.27,10956.14,10324.20,9700.89,9122.10,8554.67,8046.58,7547.90,7077.44,6610.53,6146.35,5677.56,5208.70,4741.79,4262.13,3786.07,3324.22,2880.58,2461.99,2065.23,1699.46,1364.50,1062.61,795.58,566.11,374.78,222.19,108.69,34.56
2.2,10.00,11.48,13.15,15.01,17.06,19.28,21.68,24.34,27.27,30.50,34.04,37.90,42.10,46.65,51.54,56.80,62.42,68.39,74.72,81.39,88.76,96.92,105.95,115.97,127.10,139.46,153.21,168.53,185.62,204.69,226.02,249.02,273.76,300.29,328.65,358.88,391.01,425.03,460.94,498.73,538.34,579.73,621.32,662.70,703.40,742.97,780.91,816.73,849.94,880.09,906.74,929.49,947.99,961.96,971.19
3,30062.84,29017.66,27978.24,26953.53,25922.00,24918.06,24074.30,23293.26,22521.37,21773.08,21111.60,20465.20,19834.68,19220.54,18621.77,18036.58,17469.21,16919.94,16372.49,15838.50,15297.12,14748.30,14168.01,13567.43,12958.60,12341.46,11714.31,11073.49,10424.75,9791.45,9214.76,8649.10,8147.57,7653.73,7181.89,6713.12,6246.58,5771.56,5295.91,4821.70,4333.11,3848.81,3378.28,2927.21,2501.09,2098.20,1726.72,1386.45,1080.02,809.31,576.34,381.88,226.55,110.87,35.19
3.3,10.00,11.48,13.15,15.01,17.06,19.29,21.69,24.35,27.28,30.52,34.06,37.93,42.13,46.69,51.59,56.86,62.49,68.48,74.82,81.50,88.90,97.07,106.14,116.19,127.35,139.75,153.55,168.93,186.08,205.23,226.65,249.76,274.61,301.28,329.79,360.19,392.50,426.72,462.86,500.89,540.77,582.44,624.33,666.01,707.02,746.89,785.13,821.24,854.73,885.13,912.00,934.95,953.61,967.70,977.00
4,30677.47,29642.03,28614.59,27603.87,26558.76,25542.27,24674.10,23863.18,23061.27,22282.99,21593.94,20920.05,20262.19,19620.90,18996.68,18389.47,17800.45,17229.96,16662.23,16108.37,15546.67,14977.10,14379.66,13763.14,13138.14,12504.62,11859.39,11194.94,10522.51,9867.19,9279.33,8702.98,8194.65,7695.11,7220.22,6748.47,6279.00,5801.43,5322.92,4846.31,4355.61,3868.97,3396.96,2944.09,2516.56,2112.30,1739.19,1397.55,1089.60,817.26,582.52,386.29,229.32,112.28,35.72
4.4,10.00,11.48,13.15,15.01,17.06,19.29,21.68,24.34,27.28,30.51,34.05,37.91,42.11,46.66,51.56,56.82,62.44,68.42,74.76,81.43,88.81,96.98,106.02,116.06,127.19,139.57,153.34,168.69,185.80,204.90,226.26,249.30,274.09,300.67,329.09,359.39,391.58,425.68,461.68,499.56,539.27,580.77,622.48,663.97,704.79,744.48,782.53,818.46,851.78,882.03,908.76,931.59,950.15,964.17,973.42
5,31411.81,30296.73,29186.49,28090.69,27014.65,25967.47,25075.72,24244.17,23421.52,22622.00,21910.40,21213.91,20533.47,19869.64,19225.16,18602.70,17998.67,17413.44,16835.05,16271.99,15700.90,15121.76,14520.25,13902.41,13276.11,12641.29,11993.80,11323.14,10644.43,9984.02,9399.31,8825.65,8322.27,7827.26,7348.51,6872.51,6398.36,5911.83,5422.80,4935.92,4434.40,3937.05,3455.48,2993.60,2558.17,2147.13,1767.80,1421.04,1108.63,832.08,593.38,393.57,233.64,114.39,36.39
5.5,10.00,11.48,13.15,15.01,17.06,19.28,21.68,24.34,27.27,30.50,34.04,37.90,42.10,46.65,51.54,56.80,62.42,68.39,74.72,81.39,88.76,96.92,105.95,115.98,127.10,139.46,153.22,168.53,185.62,204.69,226.02,249.02,273.76,300.29,328.65,358.89,391.01,425.03,460.95,498.73,538.35,579.73,621.33,662.70,703.41,742.98,780.92,816.74,849.95,880.11,906.75,929.50,948.00,961.98,971.20
6,31958.07,30786.64,29617.78,28461.67,27355.75,26278.66,25358.07,24497.22,23644.56,22816.67,22088.81,21375.93,20679.00,19998.66,19340.89,18712.45,18102.54,17511.54,16935.47,16377.53,15811.78,15238.19,14641.28,14027.67,13405.70,12775.29,12129.46,11451.38,10765.13,10102.15,9528.42,8964.81,8473.49,7988.72,7507.95,7029.19,6551.45,6055.22,5554.72,5056.38,4542.55,4033.14,3539.98,3067.23,2621.37,2200.61,1812.17,1456.89,1136.68,853.01,608.19,403.24,239.28,117.10,37.24
6.6,10.00,11.48,13.15,15.01,17.06,19.28,21.68,24.34,27.27,30.50,34.04,37.91,42.11,46.65,51.55,56.81,62.43,68.41,74.74,81.41,88.78,96.95,105.99,116.01,127.14,139.51,153.27,168.60,185.70,204.79,226.13,249.15,273.90,300.46,328.85,359.11,391.27,425.32,461.28,499.10,538.76,580.20,621.84,663.27,704.03,743.65,781.64,817.51,850.78,880.97,907.66,930.44,948.97,962.96,972.20
7,31999.45,30830.98,29665.29,28512.57,27412.04,26340.53,25419.85,24556.19,23700.70,22869.47,22134.72,21414.85,20710.85,20023.35,19360.39,18731.01,18120.17,17528.26,16964.95,16424.21,15876.23,15320.94,14745.98,14156.70,13559.55,12954.33,12328.31,11652.33,10968.03,10302.04,9707.53,9123.90,8626.50,8135.35,7645.50,7157.72,6671.02,6163.81,5652.36,5143.43,4619.85,4101.18,3599.66,3119.49,2666.37,2238.65,1843.70,1482.15,1156.18,867.45,618.35,409.90,243.18,118.98,37.84
7.7,10.00,11.48,13.15,15.01,17.06,19.29,21.68,24.34,27.28,30.51,34.05,37.91,42.12,46.66,51.56,56.82,62.45,68.43,74.76,81.44,88.82,96.98,106.03,116.06,127.20,139.58,153.36,168.70,185.81,204.92,226.28,249.32,274.11,300.70,329.12,359.43,391.63,425.73,461.74,499.63,539.35,580.86,622.57,664.07,704.91,744.60,782.66,818.60,851.93,882.19,908.93,931.76,950.33,964.35,973.60
8,31664.91,30527.51,29393.94,28274.07,27183.43,26121.54,25216.37,24371.14,23534.44,22722.22,22004.98,21302.82,20616.68,19947.15,19297.42,18670.59,18062.23,17472.71,16907.26,16362.82,15810.97,15251.66,14682.88,14105.43,13520.31,12927.29,12310.75,11637.31,10955.55,10296.03,9715.15,9144.35,8650.15,8160.66,7667.71,7177.01,6687.57,6177.48,5663.87,5152.75,4627.04,4106.65,3603.51,3122.29,2668.17,2240.02,1844.72,1482.82,1156.58,867.73,618.51,409.99,243.26,119.04,37.84
8.8,10.00,11.48,13.15,15.01,17.06,19.29,21.69,24.35,27.28,30.51,34.06,37.92,42.13,46.68,51.58,56.85,62.47,68.46,74.80,81.48,88.87,97.04,106.10,116.14,127.29,139.69,153.48,168.84,185.98,205.12,226.51,249.60,274.43,301.06,329.55,359.91,392.18,426.36,462.45,500.42,540.25,581.86,623.68,665.30,706.25,746.05,784.23,820.27,853.70,884.05,910.88,933.78,952.40,966.47,975.76
9,30773.75,29755.25,28746.04,27754.53,26687.50,25648.82,24773.99,23963.38,23161.95,22384.44,21696.90,21024.71,20368.71,19729.44,19108.57,18507.44,17924.62,17360.39,16798.81,16251.06,15695.75,15132.83,14552.30,13958.50,13356.70,12746.74,12113.50,11422.27,10722.89,10052.73,9486.40,8929.87,8447.72,7970.99,7492.11,7015.15,6539.14,6043.70,5544.09,5046.65,4533.11,4024.35,3531.81,3059.95,2614.81,2194.47,1806.62,1451.47,1131.38,848.37,604.60,400.96,238.08,116.60,37.10
9.9,10.00,11.48,13.15,15.01,17.06,19.29,21.68,24.34,27.28,30.51,34.05,37.91,42.11,46.66,51.56,56.82,62.45,68.43,74.76,81.44,88.82,96.98,106.03,116.06,127.20,139.58,153.35,168.70,185.81,204.91,226.28,249.32,274.11,300.69,329.12,359.42,391.62,425.72,461.73,499.61,539.34,580.84,622.55,664.05,704.89,744.58,782.64,818.58,851.91,882.16,908.90,931.73,950.29,964.32,973.57
10,29676.87,28771.81,27880.76,27010.85,25971.20,24959.23,24123.77,23359.90,22606.04,21873.36,21213.15,20568.25,19939.46,19327.27,18732.50,18155.60,17596.65,17055.90,16507.16,15967.91,15421.21,14867.03,14285.54,13684.72,13075.73,12458.48,11829.04,11176.69,10516.39,9874.39,9313.20,8761.94,8272.41,7790.69,7316.66,6845.13,6375.16,5891.33,5403.95,4918.72,4419.66,3924.26,3444.89,2984.76,2551.06,2140.82,1762.33,1416.09,1103.92,828.00,590.19,391.49,232.53,113.87,36.23
10.10,10.00,11.48,13.15,15.01,17.05,19.28,21.68,24.33,27.27,30.50,34.03,37.89,42.09,46.63,51.52,56.78,62.39,68.36,74.68,81.34,88.71,96.85,105.88,115.89,127.00,139.34,153.07,168.37,185.43,204.47,225.75,248.71,273.40,299.88,328.18,358.34,390.39,424.33,460.15,497.84,537.34,578.61,620.08,661.33,701.91,741.35,779.17,814.87,847.97,878.02,904.58,927.24,945.68,959.60,968.79
11,29487.60,28477.28,27473.90,26486.03,25486.05,24513.69,23702.34,22955.90,22219.45,21504.66,20865.19,20241.01,19632.88,19041.22,18464.34,17899.34,17352.04,16822.68,16288.90,15765.66,15235.35,14697.93,14123.64,13524.52,12917.23,12301.69,11676.45,11037.38,10390.46,9759.31,9199.91,8650.59,8157.68,7672.92,7202.10,6734.15,6268.17,5791.27,5311.92,4834.72,4344.35,3857.58,3386.25,2933.66,2507.13,2103.75,1731.65,1391.29,1084.45,813.10,579.33,384.05,227.97,111.57,35.49
11.11,10.00,11.48,13.15,15.01,17.05,19.28,21.68,24.33,27.27,30.50,34.03,37.89,42.09,46.63,51.52,56.78,62.39,68.36,74.68,81.34,88.71,96.86,105.88,115.89,127.00,139.35,153.08,168.38,185.44,204.48,225.77,248.73,273.42,299.90,328.21,358.38,390.43,424.37,460.20,497.89,537.40,578.68,620.16,661.41,702.00,741.45,779.27,814.98,848.09,878.15,904.71,927.38,945.82,959.74,968.93
12,28862.26,27954.43,27058.47,26181.69,25181.11,24207.53,23404.89,22671.82,21948.77,21248.04,20626.38,20020.06,19429.82,18856.03,18295.43,17743.15,17208.40,16691.38,16166.98,15651.94,15130.02,14601.16,14033.49,13439.96,12838.33,12228.54,11609.44,10977.78,10338.31,9712.88,9152.76,8602.88,8105.87,7617.25,7145.83,6677.66,6211.89,5738.35,5263.53,4790.82,4305.10,3822.96,3355.68,2906.76,2483.73,2083.22,1714.07,1376.49,1072.29,803.50,572.19,379.17,225.00,110.04,34.98
12.12,10.00,11.48,13.15,15.01,17.05,19.28,21.68,24.33,27.27,30.50,34.03,37.89,42.09,46.63,51.53,56.78,62.39,68.36,74.69,81.35,88.72,96.87,105.89,115.90,127.01,139.36,153.10,168.40,185.46,204.51,225.80,248.77,273.47,299.95,328.26,358.44,390.50,424.46,460.29,498.00,537.52,578.81,620.31,661.58,702.18,741.65,779.48,815.21,848.33,878.40,904.97,927.65,946.10,960.03,969.23
