Month,0.0125,0.01434,0.016404,0.018694,0.021206,0.02393,0.026849,0.030074,0.033623,0.037515,0.041764,0.046384,0.051386,0.05678,0.06257,0.06876,0.075347,0.082325,0.089684,0.097408,0.105909,0.115273,0.125596,0.136986,0.149561,0.163458,0.178827,0.195837,0.214679,0.235567,0.258743,0.283548,0.310015,0.338169,0.368022,0.399577,0.432822,0.467732,0.504269,0.542379,0.581991,0.623018,0.663901,0.704243,0.743627,0.781631,0.817824,0.851783,0.883096,0.911374,0.936255,0.957414,0.974571,0.987495,0.99601
1,29310.37,28326.66,27351.03,26392.50,25590.00,24819.83,24074.54,23333.69,22603.66,21886.34,21187.83,20503.69,19834.85,19181.91,18561.36,17993.18,17442.78,16910.39,16383.82,15871.50,15352.49,14826.75,14273.12,13700.50,13120.24,12532.14,11916.84,11227.10,10529.38,9837.52,9180.86,8539.84,8001.43,7476.56,7000.25,6528.49,6060.59,5595.09,5131.97,4670.94,4199.23,3730.99,3276.37,2839.49,2427.10,2035.89,1675.25,1344.70,1046.70,782.79,556.38,367.83,217.78,106.41,33.81
1.1,10.00,11.48,13.15,15.01,17.06,19.28,21.68,24.34,27.27,30.50,34.04,37.91,42.10,46.65,51.55,56.80,62.42,68.40,74.73,81.40,88.77,96.93,105.97,115.99,127.12,139.48,153.24,168.56,185.65,204.73,226.06,249.07,273.82,300.36,328.73,358.98,391.11,425.15,461.08,498.88,538.52,579.92,621.54,662.93,703.66,743.25,781.21,817.05,850.29,880.46,907.12,929.88,948.40,962.38,971.60
2,29898.15,28846.15,27799.13,26766.73,25866.93,24997.67,24200.60,23427.83,22664.78,21918.36,21217.65,20531.26,19860.14,19204.88,18581.48,18008.17,17452.63,16915.13,16383.97,15867.48,15344.16,14813.96,14253.50,13673.41,13085.49,12489.60,11869.85,11192.40,10506.96,9831.34,9198.07,8579.05,8049.92,7532.12,7055.25,6582.66,6113.64,5644.56,5177.25,4711.87,4234.08,3760.53,3300.09,2858.37,2441.42,2047.03,1683.74,1351.09,1051.61,786.92,559.60,370.22,219.34,107.22,34.03
2.2,10.00,11.48,13.15,15.01,17.06,19.29,21.69,24.35,27.28,30.52,34.06,37.93,42.13,46.68,51.58,56.85,62.48,68.46,74.80,81.48,88.87,97.05,106.10,116.15,127.30,139.70,153.49,168.86,186.00,205.13,226.53,249.62,274.45,301.09,329.58,359.95,392.22,426.41,462.50,500.49,540.32,581.94,623.77,665.40,706.35,746.17,784.35,820.40,853.84,884.20,911.03,933.94,952.57,966.64,975.93
3,29775.73,28846.00,27928.66,27031.80,26158.77,25317.48,24520.22,23734.61,22958.72,22200.14,21490.70,20795.77,20116.30,19452.90,18821.10,18238.41,17673.72,17127.30,16582.84,16051.93,15513.84,14968.53,14396.02,13805.53,13207.03,12600.41,11968.57,11276.10,10575.57,9886.81,9244.86,8617.54,8088.24,7570.17,7094.64,6623.05,6154.63,5684.11,5214.74,4746.98,4266.48,3790.08,3326.99,2882.87,2463.20,2065.97,1699.85,1364.36,1062.22,795.26,565.86,374.62,222.08,108.61,34.45
3.3,10.00,11.48,13.15,15.01,17.06,19.29,21.69,24.35,27.28,30.52,34.06,37.93,42.13,46.69,51.59,56.86,62.49,68.47,74.82,81.50,88.89,97.07,106.13,116.18,127.34,139.74,153.54,168.92,186.06,205.21,226.63,249.73,274.58,301.24,329.75,360.14,392.44,426.66,462.79,500.81,540.68,582.34,624.22,665.89,706.89,746.75,784.98,821.08,854.56,884.95,911.81,934.75,953.41,967.49,976.79
4,31047.30,29970.39,28899.80,27845.14,26887.28,25960.72,25098.51,24255.42,23420.79,22606.50,21865.45,21138.76,20427.46,19732.22,19071.16,18466.02,17879.15,17310.87,16750.64,16205.97,15653.80,15094.09,14511.72,13913.15,13306.48,12691.59,12053.40,11355.89,10650.29,9954.57,9305.97,8672.26,8132.59,7605.58,7124.07,6646.88,6173.28,5699.84,5228.10,4758.48,4276.70,3798.77,3335.24,2890.30,2470.43,2073.34,1706.93,1371.58,1069.35,802.00,571.56,378.91,224.86,110.05,35.00
4.4,10.00,11.48,13.15,15.01,17.06,19.28,21.68,24.34,27.27,30.51,34.04,37.91,42.11,46.65,51.55,56.81,62.43,68.41,74.74,81.41,88.79,96.95,105.99,116.02,127.15,139.52,153.28,168.61,185.71,204.80,226.14,249.16,273.92,300.47,328.87,359.13,391.29,425.35,461.31,499.14,538.80,580.25,621.89,663.33,704.09,743.72,781.71,817.59,850.86,881.06,907.75,930.53,949.07,963.06,972.30
5,32018.74,30863.10,29711.08,28573.19,27584.85,26628.45,25716.74,24813.67,23917.70,23045.16,22269.02,21507.00,20760.20,20029.40,19337.44,18711.32,18103.72,17515.01,16940.91,16384.83,15821.01,15249.39,14656.55,14048.40,13431.98,12807.20,12161.38,11465.78,10762.00,10069.25,9425.17,8795.43,8265.79,7747.26,7267.24,6790.58,6316.42,5835.02,5353.10,4873.19,4378.39,3888.04,3412.71,2957.02,2527.05,2121.15,1746.52,1403.74,1094.82,821.38,585.54,388.27,230.45,112.80,35.88
5.5,10.00,11.48,13.15,15.01,17.06,19.29,21.68,24.34,27.28,30.51,34.05,37.92,42.12,46.67,51.57,56.83,62.45,68.43,74.77,81.44,88.82,96.99,106.04,116.08,127.22,139.60,153.38,168.72,185.84,204.95,226.32,249.37,274.17,300.76,329.20,359.51,391.72,425.84,461.86,499.76,539.50,581.03,622.76,664.28,705.13,744.85,782.93,818.89,852.23,882.50,909.26,932.10,950.68,964.71,973.97
6,32456.59,31272.16,30090.54,28922.42,27879.57,26867.99,25914.63,24974.73,24040.80,23133.23,22343.55,21567.78,20807.07,20062.21,19356.61,18717.68,18097.28,17495.83,16917.46,16359.95,15794.64,15221.46,14634.10,14035.31,13428.44,12813.35,12177.77,11494.49,10803.00,10124.05,9497.47,8884.07,8367.41,7860.06,7382.05,6906.53,6432.58,5946.23,5457.67,4970.76,4467.39,3968.35,3484.29,3020.07,2581.77,2168.04,1785.87,1436.06,1120.62,841.10,599.75,397.65,235.96,115.46,36.72
6.6,10.00,11.48,13.15,15.01,17.06,19.29,21.68,24.34,27.28,30.51,34.05,37.92,42.12,46.67,51.57,56.83,62.46,68.44,74.78,81.46,88.84,97.01,106.06,116.10,127.24,139.63,153.41,168.76,185.89,205.01,226.39,249.45,274.26,300.86,329.32,359.65,391.88,426.02,462.06,499.99,539.76,581.31,623.07,664.63,705.51,745.26,783.37,819.36,852.73,883.03,909.81,932.67,951.27,965.31,974.58
7,32494.39,31314.42,30137.68,28974.82,27939.24,26935.24,25982.81,25040.91,24105.02,23194.63,22397.79,21614.79,20846.79,20094.61,19383.70,18744.44,18123.75,17522.04,16944.45,16388.10,15823.99,15252.08,14671.31,14082.06,13484.91,12879.70,12251.90,11567.94,10875.72,10193.30,9557.01,8934.31,8424.70,7924.40,7447.75,6973.09,6499.41,6009.55,5516.05,5024.16,4515.90,4011.72,3522.93,3053.99,2611.20,2192.82,1806.33,1452.50,1133.39,850.53,606.38,401.97,238.48,116.69,37.11
7.7,10.00,11.48,13.15,15.01,17.06,19.29,21.68,24.34,27.28,30.51,34.05,37.91,42.11,46.66,51.56,56.82,62.44,68.42,74.75,81.43,88.81,96.97,106.02,116.05,127.19,139.56,153.33,168.67,185.78,204.88,226.24,249.28,274.06,300.64,329.06,359.35,391.54,425.63,461.62,499.50,539.20,580.69,622.39,663.87,704.69,744.37,782.41,818.33,851.65,881.89,908.61,931.43,949.99,964.01,973.26
8,32060.88,30917.35,29778.18,28653.71,27638.92,26655.53,25727.88,24813.33,23905.40,23022.37,22245.02,21481.71,20733.56,20001.32,19307.71,18678.85,18068.47,17476.95,16900.56,16342.41,15776.40,15202.50,14622.47,14035.40,13440.47,12837.48,12209.56,11520.77,10823.75,10141.68,9517.03,8905.40,8405.31,7912.59,7437.73,6964.74,6492.63,6003.25,5510.52,5019.13,4511.13,4007.47,3518.64,3049.94,2607.18,2188.93,1802.72,1449.05,1130.19,847.89,604.37,400.68,237.80,116.41,37.02
8.8,10.00,11.48,13.15,15.01,17.06,19.29,21.69,24.35,27.28,30.52,34.06,37.92,42.13,46.68,51.58,56.85,62.47,68.46,74.80,81.48,88.87,97.04,106.10,116.15,127.30,139.70,153.49,168.85,185.99,205.13,226.53,249.61,274.45,301.09,329.57,359.94,392.21,426.40,462.49,500.48,540.31,581.92,623.76,665.38,706.33,746.15,784.33,820.38,853.82,884.17,911.00,933.91,952.54,966.61,975.89
9,31143.62,30121.81,29109.89,28116.63,27124.61,26163.52,25269.52,24394.74,23527.42,22682.79,21928.11,21187.54,20462.14,19752.63,19082.26,18478.02,17892.04,17324.64,16761.08,16211.87,15655.02,15090.47,14514.19,13927.93,13333.79,12731.61,12107.45,11431.08,10746.55,10073.80,9450.13,8839.59,8327.23,7823.72,7346.56,6872.02,6399.18,5913.95,5426.78,4941.32,4440.25,3943.65,3461.95,3000.21,2564.21,2152.35,1772.21,1424.08,1110.34,832.96,593.81,393.87,233.89,114.55,36.45
9.9,10.00,11.48,13.15,15.01,17.06,19.29,21.69,24.34,27.28,30.51,34.06,37.92,42.12,46.67,51.58,56.84,62.47,68.45,74.79,81.47,88.86,97.03,106.08,116.13,127.27,139.67,153.45,168.82,185.95,205.08,226.47,249.54,274.36,300.99,329.46,359.81,392.07,426.23,462.30,500.26,540.06,581.65,623.46,665.05,705.97,745.76,783.91,819.93,853.34,883.67,910.48,933.36,951.98,966.04,975.32
10,30005.48,29100.81,28210.76,27342.82,26409.50,25507.07,24671.09,23855.79,23049.31,22261.67,21536.53,20825.63,20129.98,19450.21,18807.70,18227.81,17665.92,17122.29,16577.48,16044.97,15505.25,14958.27,14388.46,13802.63,13208.90,12607.14,11983.68,11307.33,10622.91,9947.76,9316.23,8698.59,8172.96,7658.36,7181.84,6708.84,6238.54,5763.15,5287.75,4814.26,4327.32,3844.34,3375.84,2926.32,2501.81,2100.44,1729.84,1390.12,1083.70,812.55,579.01,383.93,227.93,111.62,35.52
10.10,10.00,11.48,13.15,15.01,17.06,19.29,21.68,24.34,27.28,30.51,34.05,37.91,42.12,46.66,51.56,56.83,62.45,68.43,74.76,81.44,88.82,96.99,106.03,116.07,127.20,139.58,153.36,168.70,185.82,204.92,226.29,249.33,274.12,300.71,329.14,359.45,391.65,425.76,461.77,499.66,539.38,580.89,622.61,664.12,704.96,744.66,782.72,818.67,852.00,882.26,909.00,931.83,950.41,964.43,973.69
11,29660.92,28741.00,27833.89,26947.72,26113.22,25311.29,24533.86,23759.88,22996.13,22245.68,21519.82,20808.15,20111.67,19431.05,18786.97,18203.74,17638.49,17091.49,16546.75,16015.48,15477.01,14931.30,14362.65,13778.00,13185.47,12584.92,11960.26,11275.56,10582.82,9900.36,9263.55,8641.05,8111.96,7594.28,7116.16,6642.09,6171.32,5698.81,5227.48,4758.23,4276.60,3799.06,3335.57,2890.90,2470.92,2073.40,1706.71,1370.57,1067.57,799.53,569.05,376.79,223.41,109.29,34.75
11.11,10.00,11.48,13.15,15.01,17.06,19.29,21.68,24.34,27.28,30.51,34.05,37.92,42.12,46.67,51.57,56.83,62.46,68.44,74.77,81.45,88.83,97.00,106.05,116.09,127.23,139.62,153.40,168.75,185.87,204.99,226.36,249.42,274.23,300.83,329.28,359.60,391.82,425.96,461.99,499.91,539.67,581.21,622.97,664.51,705.39,745.12,783.22,819.20,852.57,882.85,909.63,932.48,951.07,965.11,974.37
12,29978.46,28911.75,27849.57,26801.76,25954.74,25139.77,24358.67,23585.07,22821.48,22073.14,21362.17,20665.55,19984.25,19318.89,18687.50,18112.60,17555.62,17016.79,16480.74,15957.90,15428.12,14891.33,14331.81,13755.92,13172.34,12580.89,11965.71,11285.44,10597.17,9910.32,9246.40,8598.39,8045.65,7507.43,7026.62,6550.64,6078.79,5610.82,5145.78,4682.93,4209.80,3739.97,3284.75,2847.44,2434.76,2043.62,1682.62,1351.56,1052.64,787.78,560.30,370.71,219.65,107.10,33.96
12.12,10.00,11.48,13.15,15.01,17.05,19.28,21.68,24.34,27.27,30.50,34.04,37.90,42.09,46.63,51.53,56.78,62.40,68.37,74.69,81.36,88.72,96.87,105.90,115.91,127.03,139.38,153.12,168.42,185.49,204.54,225.84,248.81,273.51,300.00,328.33,358.51,390.58,424.55,460.40,498.11,537.65,578.96,620.47,661.76,702.38,741.86,779.71,815.45,848.59,878.67,905.25,927.94,946.40,960.34,969.54
