Month,0.0125,0.01434,0.016404,0.018694,0.021206,0.02393,0.026849,0.030074,0.033623,0.037515,0.041764,0.046384,0.051386,0.05678,0.06257,0.06876,0.075347,0.082325,0.089684,0.097408,0.105909,0.115273,0.125596,0.136986,0.149561,0.163458,0.178827,0.195837,0.214679,0.235567,0.258743,0.283548,0.310015,0.338169,0.368022,0.399577,0.432822,0.467732,0.504269,0.542379,0.581991,0.623018,0.663901,0.704243,0.743627,0.781631,0.817824,0.851783,0.883096,0.911374,0.936255,0.957414,0.974571,0.987495,0.99601
1,29637.44,28681.81,27736.82,26810.49,25839.14,24896.73,24087.64,23330.85,22584.26,21859.30,21207.68,20571.55,19951.69,19348.53,18759.10,18178.94,17616.76,17072.81,16527.37,15993.86,15453.09,14905.01,14326.15,13726.30,13118.30,12502.04,11869.27,11199.10,10520.96,9853.74,9239.03,8637.45,8107.67,7589.29,7110.88,6636.57,6165.61,5694.34,5224.38,4756.33,4276.14,3799.32,3336.68,2892.07,2472.44,2074.45,1707.39,1370.90,1067.38,798.63,567.94,375.77,222.66,108.89,34.62
1.1,10.00,11.48,13.15,15.01,17.06,19.28,21.68,24.34,27.27,30.50,34.04,37.90,42.10,46.64,51.54,56.80,62.41,68.39,74.71,81.38,88.75,96.91,105.94,115.96,127.08,139.44,153.19,168.51,185.58,204.65,225.97,248.96,273.69,300.21,328.57,358.79,390.90,424.90,460.80,498.57,538.17,579.53,621.10,662.46,703.14,742.69,780.60,816.40,849.60,879.73,906.36,929.09,947.59,961.55,970.76
2,29557.68,28580.24,27611.76,26660.47,25676.18,24720.14,23916.74,23174.31,22442.33,21731.33,21087.57,20459.29,19847.24,19251.85,18671.83,18105.02,17556.07,17025.22,16484.91,15954.11,15416.09,14870.81,14294.26,13697.09,13091.79,12478.26,11845.17,11166.98,10480.82,9810.85,9204.06,8610.02,8096.40,7592.66,7121.06,6652.85,6187.24,5716.64,5246.02,4777.12,4294.27,3815.34,3349.89,2902.94,2480.77,2080.45,1711.57,1373.35,1068.63,799.45,568.47,376.14,222.90,109.00,34.65
2.2,10.00,11.48,13.15,15.01,17.06,19.29,21.68,24.34,27.28,30.51,34.05,37.92,42.12,46.67,51.57,56.83,62.45,68.44,74.77,81.45,88.83,97.00,106.05,116.09,127.23,139.61,153.39,168.74,185.86,204.97,226.34,249.40,274.20,300.80,329.24,359.56,391.78,425.90,461.93,499.84,539.60,581.13,622.88,664.41,705.27,745.00,783.09,819.06,852.42,882.70,909.46,932.31,950.90,964.93,974.19
3,30308.38,29277.47,28253.82,27246.29,26242.17,25266.90,24433.47,23655.08,22886.56,22141.05,21475.99,20826.45,20193.23,19576.80,18974.94,18384.47,17812.15,17258.25,16700.18,16153.90,15600.03,15038.51,14446.91,13835.63,13215.96,12587.83,11941.14,11254.83,10560.47,9884.57,9274.06,8676.34,8162.15,7657.06,7180.95,6708.32,6238.37,5761.45,5284.55,4809.45,4320.86,3836.80,3366.64,2916.10,2490.63,2088.09,1717.37,1378.10,1072.91,803.74,572.25,379.13,224.92,110.07,34.96
3.3,10.00,11.48,13.15,15.01,17.06,19.29,21.69,24.35,27.28,30.52,34.06,37.93,42.13,46.69,51.59,56.86,62.49,68.47,74.82,81.50,88.89,97.07,106.13,116.18,127.34,139.74,153.54,168.92,186.07,205.22,226.63,249.73,274.59,301.25,329.75,360.15,392.45,426.67,462.80,500.82,540.69,582.35,624.23,665.90,706.91,746.77,785.00,821.09,854.58,884.97,911.83,934.77,953.43,967.52,976.82
4,30772.99,29730.54,28695.89,27677.87,26642.82,25636.77,24777.61,23975.44,23182.81,22413.56,21729.69,21061.30,20409.23,19773.99,19157.26,18560.43,17981.95,17422.10,16859.41,16308.78,15750.52,15184.59,14588.89,13973.14,13348.96,12716.29,12064.15,11367.16,10662.08,9975.43,9360.15,8757.73,8239.61,7731.34,7252.38,6776.76,6303.63,5822.82,5341.35,4861.98,4368.11,3878.65,3404.10,2949.04,2519.77,2114.17,1740.09,1397.81,1089.48,816.92,582.11,385.92,229.05,112.13,35.67
4.4,10.00,11.48,13.15,15.01,17.06,19.29,21.68,24.34,27.28,30.51,34.05,37.91,42.11,46.66,51.56,56.82,62.45,68.43,74.76,81.43,88.81,96.98,106.03,116.06,127.20,139.58,153.35,168.69,185.80,204.91,226.27,249.31,274.10,300.68,329.11,359.40,391.60,425.70,461.71,499.59,539.31,580.81,622.52,664.02,704.85,744.54,782.59,818.53,851.85,882.10,908.84,931.67,950.23,964.25,973.51
5,31541.16,30417.37,29297.96,28192.64,27105.93,26047.89,25147.81,24308.34,23477.50,22671.03,21958.34,21260.76,20579.22,19914.32,19271.85,18658.04,18062.66,17486.05,16912.50,16353.26,15786.14,15211.10,14609.91,13990.91,13363.41,12727.36,12076.87,11399.33,10713.65,10048.10,9454.34,8871.99,8369.18,7873.45,7393.23,6915.64,6439.78,5949.64,5457.44,4967.17,4461.53,3960.78,3475.38,3010.55,2571.97,2158.30,1776.67,1427.55,1113.09,834.99,595.18,394.64,234.25,114.68,36.46
5.5,10.00,11.48,13.15,15.01,17.06,19.29,21.69,24.35,27.28,30.52,34.06,37.93,42.13,46.68,51.58,56.85,62.48,68.46,74.80,81.48,88.87,97.05,106.11,116.15,127.30,139.70,153.50,168.86,186.00,205.14,226.54,249.63,274.47,301.11,329.60,359.97,392.25,426.44,462.54,500.52,540.36,581.98,623.82,665.45,706.41,746.23,784.42,820.48,853.92,884.28,911.12,934.03,952.66,966.73,976.02
6,32053.78,30886.22,29721.66,28570.23,27460.23,26379.14,25453.05,24585.79,23726.63,22893.10,22164.63,21451.25,20753.90,20073.21,19416.42,18791.71,18185.59,17598.44,17025.57,16470.62,15908.02,15337.70,14744.62,14135.28,13517.68,12891.70,12245.70,11552.32,10850.70,10168.70,9563.26,8969.66,8466.40,7971.09,7489.46,7010.04,6531.85,6037.10,5538.80,5042.54,4530.94,4023.70,3532.30,3061.11,2616.51,2196.74,1809.15,1454.59,1134.98,851.86,607.43,402.78,239.04,116.98,37.21
6.6,10.00,11.48,13.15,15.01,17.06,19.29,21.68,24.34,27.28,30.51,34.05,37.91,42.11,46.66,51.56,56.82,62.44,68.42,74.75,81.42,88.80,96.96,106.01,116.04,127.17,139.54,153.31,168.65,185.75,204.85,226.20,249.23,274.01,300.57,328.98,359.26,391.44,425.52,461.50,499.36,539.05,580.52,622.20,663.66,704.46,744.11,782.14,818.04,851.34,881.56,908.28,931.08,949.63,963.64,972.88
7,32144.92,30972.11,29802.15,28645.27,27540.51,26464.92,25535.83,24661.53,23795.18,22954.12,22216.41,21493.63,20786.78,20096.49,19430.40,18797.10,18182.40,17586.70,17018.29,16472.08,15918.49,15357.45,14779.41,14188.49,13589.67,12982.77,12355.53,11680.03,10996.19,10328.65,9726.44,9135.50,8633.96,8139.06,7647.75,7158.64,6670.75,6162.80,5650.85,5141.50,4617.75,4099.01,3597.42,3117.24,2664.15,2236.44,1841.60,1480.35,1154.75,866.34,617.53,409.32,242.84,118.81,37.78
7.7,10.00,11.48,13.15,15.01,17.06,19.29,21.68,24.34,27.28,30.51,34.05,37.91,42.12,46.66,51.56,56.83,62.45,68.43,74.76,81.44,88.82,96.99,106.03,116.07,127.20,139.58,153.36,168.70,185.82,204.92,226.29,249.33,274.12,300.71,329.14,359.44,391.65,425.76,461.77,499.66,539.38,580.89,622.61,664.12,704.96,744.66,782.72,818.67,852.00,882.26,909.00,931.83,950.41,964.43,973.69
8,31722.28,30586.59,29455.10,28337.65,27251.59,26194.57,25285.52,24432.54,23587.94,22768.37,22049.01,21344.78,20656.61,19985.09,19334.99,18711.44,18106.40,17520.25,16951.28,16401.14,15843.45,15278.15,14707.46,14130.29,13545.47,12952.78,12332.27,11637.64,10934.71,10253.96,9657.38,9071.91,8579.47,8093.48,7606.64,7121.81,6638.01,6133.70,5624.96,5118.69,4597.23,4080.67,3581.13,3102.79,2651.63,2226.00,1833.08,1473.41,1149.18,862.11,614.52,407.42,241.79,118.35,37.65
8.8,10.00,11.48,13.15,15.01,17.06,19.29,21.68,24.34,27.28,30.51,34.05,37.91,42.11,46.66,51.56,56.82,62.44,68.42,74.75,81.43,88.80,96.97,106.01,116.04,127.18,139.55,153.32,168.66,185.77,204.87,226.22,249.26,274.03,300.61,329.02,359.31,391.49,425.58,461.56,499.43,539.13,580.61,622.29,663.77,704.57,744.24,782.27,818.19,851.49,881.72,908.44,931.25,949.81,963.82,973.07
9,30835.65,29815.43,28804.51,27811.34,26748.25,25713.72,24834.18,24014.55,23203.86,22417.71,21726.00,21049.57,20389.29,19745.71,19121.79,18520.50,17937.50,17373.12,16807.61,16254.79,15694.24,15125.93,14537.41,13934.19,13322.78,12703.06,12065.04,11386.22,10699.27,10038.93,9472.76,8916.40,8432.03,7953.05,7474.42,6997.79,6522.20,6028.22,5530.52,5034.87,4523.07,4016.02,3524.73,3053.94,2609.74,2190.46,1803.52,1449.20,1129.84,847.24,603.79,400.43,237.79,116.46,37.06
9.9,10.00,11.48,13.15,15.01,17.06,19.29,21.68,24.34,27.28,30.51,34.05,37.92,42.12,46.67,51.57,56.83,62.46,68.44,74.77,81.45,88.83,97.00,106.05,116.09,127.23,139.62,153.40,168.75,185.87,204.98,226.35,249.41,274.21,300.82,329.26,359.58,391.80,425.93,461.97,499.88,539.64,581.18,622.93,664.47,705.34,745.07,783.16,819.14,852.50,882.79,909.55,932.40,950.99,965.03,974.29
10,30033.23,29098.35,28176.30,27274.62,26255.21,25264.41,24418.70,23629.46,22849.67,22092.54,21417.51,20757.71,20113.99,19486.85,18878.39,18290.58,17720.84,17169.47,16612.64,16066.71,15513.17,14951.98,14363.11,13755.22,13139.01,12514.42,11875.69,11209.01,10534.34,9882.52,9317.57,8762.73,8269.82,7784.01,7308.59,6835.84,6364.85,5881.28,5395.32,4911.43,4412.72,3918.27,3439.11,2979.55,2546.10,2136.64,1758.88,1413.20,1101.70,826.24,588.90,390.58,231.95,113.61,36.16
10.10,10.00,11.48,13.15,15.01,17.06,19.28,21.68,24.34,27.28,30.51,34.05,37.91,42.11,46.65,51.55,56.81,62.43,68.41,74.74,81.41,88.79,96.95,106.00,116.02,127.15,139.53,153.29,168.62,185.72,204.81,226.16,249.18,273.95,300.51,328.91,359.18,391.34,425.41,461.38,499.22,538.89,580.34,622.00,663.45,704.22,743.86,781.86,817.75,851.03,881.24,907.93,930.73,949.27,963.26,972.50
11,29685.26,28694.08,27711.34,26745.40,25750.84,24784.45,23962.44,23197.00,22441.20,21707.91,21054.81,20416.94,19795.07,19189.67,18600.81,18027.96,17472.91,16935.92,16393.79,15862.46,15323.86,14777.93,14197.77,13595.12,12984.21,12364.99,11735.47,11090.88,10438.37,9805.23,9247.11,8698.88,8206.87,7721.88,7249.05,6779.00,6310.83,5830.92,5349.00,4869.15,4374.33,3883.90,3408.41,2952.39,2522.35,2116.03,1741.40,1398.52,1089.64,816.46,581.41,385.25,228.58,111.89,35.60
11.11,10.00,11.48,13.15,15.01,17.06,19.29,21.68,24.34,27.28,30.51,34.05,37.91,42.11,46.66,51.56,56.82,62.44,68.42,74.75,81.42,88.80,96.97,106.01,116.04,127.18,139.55,153.32,168.66,185.76,204.86,226.21,249.25,274.02,300.60,329.01,359.29,391.47,425.56,461.54,499.40,539.10,580.58,622.26,663.73,704.54,744.20,782.23,818.14,851.44,881.67,908.39,931.20,949.75,963.76,973.01
12,28893.76,28058.49,27239.58,26443.70,25532.06,24650.09,23868.56,23124.77,22391.31,21679.74,21041.51,20418.81,19812.39,19222.67,18645.22,18074.04,17520.71,16985.47,16444.43,15914.03,15376.41,14831.52,14248.60,13641.16,13025.38,12401.22,11764.81,11107.07,10441.41,9793.97,9217.16,8651.37,8148.52,7653.95,7178.86,6707.16,6238.04,5761.78,5285.04,4810.43,4322.11,3838.08,3368.49,2918.00,2492.99,2090.83,1720.20,1380.66,1074.76,804.38,572.26,378.91,224.71,109.97,34.98
12.12,10.00,11.48,13.15,15.01,17.06,19.29,21.68,24.34,27.28,30.51,34.05,37.91,42.11,46.66,51.56,56.82,62.44,68.42,74.76,81.43,88.81,96.98,106.03,116.06,127.20,139.57,153.35,168.69,185.80,204.90,226.26,249.31,274.09,300.67,329.10,359.39,391.59,425.69,461.69,499.57,539.29,580.79,622.50,663.99,704.82,744.50,782.56,818.49,851.81,882.06,908.80,931.62,950.19,964.21,973.46
