Month,0.0125,0.01434,0.016404,0.018694,0.021206,0.02393,0.026849,0.030074,0.033623,0.037515,0.041764,0.046384,0.051386,0.05678,0.06257,0.06876,0.075347,0.082325,0.089684,0.097408,0.105909,0.115273,0.125596,0.136986,0.149561,0.163458,0.178827,0.195837,0.214679,0.235567,0.258743,0.283548,0.310015,0.338169,0.368022,0.399577,0.432822,0.467732,0.504269,0.542379,0.581991,0.623018,0.663901,0.704243,0.743627,0.781631,0.817824,0.851783,0.883096,0.911374,0.936255,0.957414,0.974571,0.987495,0.99601
1,29700.48,28679.88,27666.03,26668.03,25771.37,24905.26,24122.84,23370.79,22629.21,21908.92,21259.15,20625.00,20007.22,19406.26,18816.10,18228.36,17658.66,17107.27,16556.42,16018.21,15472.61,14919.57,14336.57,13732.85,13120.91,12500.67,11864.67,11193.45,10514.28,9847.36,9238.79,8643.00,8117.99,7604.06,7125.42,6650.83,6179.51,5707.04,5235.60,4766.14,4284.65,3806.49,3342.80,2897.17,2476.74,2077.95,1710.20,1373.20,1069.18,800.11,569.07,376.60,223.23,109.01,34.61
1.1,10.00,11.48,13.15,15.01,17.05,19.28,21.68,24.34,27.27,30.50,34.04,37.90,42.09,46.64,51.53,56.79,62.40,68.37,74.70,81.36,88.73,96.88,105.91,115.92,127.04,139.39,153.13,168.44,185.51,204.56,225.86,248.84,273.55,300.05,328.38,358.57,390.65,424.63,460.49,498.21,537.77,579.09,620.61,661.91,702.55,742.04,779.91,815.66,848.81,878.90,905.50,928.20,946.66,960.61,969.81
2,29707.97,28751.41,27805.74,26879.07,25943.16,25037.26,24240.33,23485.20,22740.63,22017.16,21363.41,20725.34,20103.73,19499.01,18905.58,18315.36,17743.26,17189.58,16633.51,16088.96,15536.87,14977.21,14389.89,13782.86,13167.56,12543.93,11903.45,11222.50,10533.60,9856.41,9239.17,8635.22,8107.48,7591.96,7114.16,6640.69,6170.45,5698.07,5226.32,4756.72,4275.37,3797.25,3334.13,2889.03,2469.48,2071.46,1704.53,1368.58,1065.45,797.53,567.38,375.64,222.73,108.80,34.55
2.2,10.00,11.48,13.15,15.01,17.05,19.28,21.68,24.33,27.26,30.49,34.03,37.89,42.08,46.62,51.51,56.77,62.38,68.34,74.66,81.32,88.68,96.83,105.85,115.85,126.95,139.29,153.02,168.30,185.35,204.38,225.65,248.59,273.26,299.71,327.99,358.12,390.14,424.04,459.83,497.47,536.93,578.15,619.57,660.77,701.30,740.69,778.46,814.11,847.17,877.17,903.69,926.32,944.73,958.63,967.81
3,30267.95,29238.21,28216.02,27210.26,26228.48,25276.21,24453.87,23682.17,22920.72,22180.60,21512.40,20859.75,20223.47,19604.02,18997.77,18399.35,17819.13,17257.43,16694.14,16142.91,15583.95,15017.24,14426.71,13818.93,13202.87,12578.46,11936.23,11251.29,10558.36,9878.20,9258.73,8652.61,8125.34,7609.72,7131.85,6657.92,6187.14,5713.62,5240.65,4769.82,4287.11,3807.86,3343.58,2897.65,2477.05,2078.44,1710.78,1374.12,1070.47,802.11,571.21,378.53,224.61,109.73,34.85
3.3,10.00,11.48,13.15,15.01,17.05,19.28,21.68,24.33,27.27,30.50,34.03,37.90,42.09,46.63,51.53,56.78,62.40,68.37,74.69,81.35,88.72,96.87,105.90,115.91,127.02,139.37,153.11,168.42,185.48,204.53,225.83,248.80,273.50,299.99,328.31,358.50,390.56,424.52,460.37,498.09,537.62,578.92,620.43,661.71,702.33,741.81,779.66,815.39,848.53,878.60,905.18,927.87,946.33,960.26,969.46
4,30919.87,29869.54,28826.82,27800.74,26778.51,25785.84,24927.66,24120.89,23323.70,22549.28,21856.10,21178.36,20516.93,19872.33,19245.02,18634.88,18043.18,17470.22,16892.08,16325.45,15750.70,15167.81,14564.61,13946.52,13319.95,12684.84,12032.41,11342.66,10644.83,9963.70,9347.73,8744.69,8225.13,7715.45,7236.00,6760.02,6286.70,5806.77,5326.58,4848.49,4356.86,3869.54,3396.97,2943.80,2515.95,2111.29,1737.98,1396.36,1088.59,816.53,581.99,385.91,229.08,112.15,35.68
4.4,10.00,11.48,13.15,15.01,17.06,19.29,21.68,24.34,27.28,30.51,34.05,37.92,42.12,46.67,51.57,56.83,62.45,68.43,74.77,81.45,88.83,97.00,106.05,116.08,127.22,139.60,153.38,168.73,185.85,204.96,226.33,249.39,274.18,300.78,329.22,359.54,391.75,425.87,461.90,499.80,539.55,581.08,622.82,664.35,705.21,744.93,783.01,818.98,852.33,882.61,909.37,932.21,950.79,964.82,974.09
5,31417.95,30314.61,29216.84,28134.08,27054.42,26003.60,25108.40,24273.32,23447.04,22644.26,21931.58,21234.01,20552.49,19887.59,19244.63,18629.51,18032.82,17454.91,16879.56,16318.09,15748.66,15171.25,14569.15,13949.50,13321.36,12684.68,12033.89,11355.35,10668.72,10001.17,9410.43,8831.05,8325.90,7829.24,7350.78,6875.03,6401.08,5914.49,5425.41,4938.47,4436.51,3938.84,3456.90,2994.75,2559.03,2147.68,1768.12,1421.15,1108.58,831.93,593.20,393.40,233.53,114.33,36.38
5.5,10.00,11.48,13.15,15.01,17.06,19.28,21.68,24.34,27.27,30.50,34.04,37.91,42.11,46.65,51.55,56.81,62.43,68.40,74.73,81.40,88.78,96.94,105.97,116.00,127.13,139.49,153.25,168.58,185.67,204.75,226.09,249.10,273.85,300.40,328.78,359.03,391.18,425.22,461.16,498.97,538.62,580.04,621.66,663.07,703.81,743.41,781.39,817.24,850.49,880.67,907.34,930.11,948.63,962.61,971.85
6,31966.48,30813.44,29664.11,28528.45,27422.86,26346.23,25427.01,24568.00,23717.37,22890.91,22159.89,21443.88,20743.85,20060.44,19399.03,18765.54,18150.64,17554.72,16973.78,16411.06,15840.41,15261.79,14659.56,14040.52,13413.01,12776.97,12127.25,11451.59,10767.77,10105.65,9526.53,8957.84,8463.27,7975.42,7494.29,7015.28,6537.43,6041.56,5541.80,5044.24,4531.14,4022.65,3530.26,3058.32,2613.30,2193.43,1805.94,1451.74,1132.64,850.13,606.23,402.00,238.58,116.76,37.14
6.6,10.00,11.48,13.15,15.01,17.06,19.29,21.68,24.34,27.28,30.51,34.05,37.91,42.11,46.66,51.56,56.82,62.44,68.42,74.75,81.42,88.80,96.96,106.01,116.04,127.17,139.54,153.31,168.65,185.75,204.85,226.20,249.23,274.00,300.57,328.97,359.26,391.43,425.51,461.49,499.34,539.03,580.50,622.18,663.64,704.43,744.09,782.11,818.01,851.31,881.53,908.24,931.04,949.59,963.60,972.84
7,32024.43,30860.92,29700.54,28553.46,27453.41,26382.48,25462.36,24599.32,23744.54,22913.84,22178.07,21457.23,20752.30,20063.91,19398.88,18764.78,18149.25,17552.70,16981.21,16431.23,15873.71,15308.61,14721.44,14118.53,13507.49,12888.16,12252.63,11582.72,10904.55,10248.76,9676.42,9113.76,8622.93,8137.33,7646.85,7158.50,6671.28,6163.20,5650.89,5141.25,4617.28,4098.36,3596.73,3116.60,2663.65,2236.48,1842.00,1480.92,1155.34,866.84,617.89,409.54,242.95,118.87,37.80
7.7,10.00,11.48,13.15,15.01,17.06,19.29,21.68,24.34,27.28,30.51,34.05,37.91,42.12,46.66,51.56,56.83,62.45,68.43,74.76,81.44,88.82,96.99,106.03,116.07,127.20,139.58,153.36,168.70,185.82,204.92,226.29,249.33,274.12,300.71,329.14,359.44,391.65,425.76,461.77,499.65,539.38,580.89,622.61,664.12,704.96,744.66,782.72,818.67,852.00,882.26,909.00,931.83,950.40,964.43,973.68
8,31621.22,30490.86,29364.77,28252.73,27167.37,26110.90,25209.27,24367.07,23533.54,22724.75,22012.93,21316.34,20635.92,19972.23,19327.62,18704.27,18099.44,17513.48,16944.75,16394.87,15837.44,15272.42,14694.34,14105.53,13508.85,12904.10,12276.88,11594.21,10903.27,10239.14,9671.93,9114.13,8626.61,8143.95,7652.45,7163.14,6675.03,6166.37,5653.57,5143.47,4618.49,4098.71,3596.47,3115.94,2662.69,2235.16,1840.52,1479.35,1153.80,865.56,616.98,409.06,242.77,118.82,37.80
8.8,10.00,11.48,13.15,15.01,17.06,19.29,21.68,24.34,27.28,30.51,34.05,37.91,42.11,46.66,51.56,56.82,62.45,68.43,74.76,81.44,88.82,96.98,106.03,116.06,127.20,139.58,153.35,168.70,185.81,204.92,226.28,249.32,274.11,300.70,329.12,359.43,391.62,425.73,461.74,499.62,539.35,580.85,622.57,664.07,704.90,744.60,782.66,818.60,851.93,882.18,908.92,931.75,950.32,964.34,973.60
9,30781.55,29763.55,28754.89,27764.00,26704.10,25672.76,24799.44,23987.72,23185.18,22406.67,21718.70,21046.09,20389.71,19750.07,19127.52,18521.79,17934.39,17365.61,16799.81,16248.01,15688.51,15121.27,14529.21,13919.83,13302.14,12676.06,12034.95,11363.55,10684.03,10033.71,9487.03,8949.04,8470.49,7996.51,7516.06,7037.55,6559.98,6062.28,5560.32,5060.66,4545.12,4034.49,3540.23,3066.82,2620.31,2198.74,1809.86,1454.02,1133.43,849.86,605.59,401.56,238.41,116.75,37.15
9.9,10.00,11.48,13.15,15.01,17.06,19.29,21.68,24.34,27.28,30.51,34.05,37.91,42.12,46.66,51.56,56.83,62.45,68.43,74.76,81.44,88.82,96.98,106.03,116.06,127.20,139.58,153.36,168.70,185.81,204.92,226.28,249.32,274.11,300.70,329.13,359.43,391.63,425.73,461.74,499.63,539.35,580.86,622.57,664.08,704.91,744.61,782.67,818.61,851.94,882.19,908.94,931.76,950.33,964.36,973.61
10,29781.33,28858.65,27948.85,27059.27,26038.49,25045.79,24217.81,23455.53,22703.41,21972.52,21311.30,20665.45,20035.78,19422.77,18826.29,18245.62,17682.96,17138.56,16586.10,16043.93,15494.23,14936.96,14345.88,13732.90,13111.48,12481.58,11840.81,11183.82,10518.83,9880.07,9331.43,8791.94,8308.38,7830.06,7355.51,6883.28,6412.43,5925.49,5435.79,4948.03,4444.49,3945.79,3462.16,2998.82,2561.64,2148.77,1768.17,1419.95,1106.45,829.53,591.08,391.96,232.73,113.99,36.27
10.10,10.00,11.48,13.15,15.01,17.06,19.29,21.69,24.34,27.28,30.51,34.06,37.92,42.13,46.68,51.58,56.84,62.47,68.45,74.79,81.47,88.86,97.03,106.09,116.13,127.28,139.67,153.46,168.82,185.96,205.09,226.48,249.56,274.38,301.01,329.49,359.84,392.10,426.27,462.35,500.31,540.12,581.71,623.52,665.12,706.05,745.84,784.00,820.03,853.45,883.78,910.59,933.48,952.10,966.16,975.44
11,29638.01,28616.54,27601.37,26601.33,25617.18,24661.13,23856.93,23113.09,22379.54,21667.70,21027.66,20403.08,19794.71,19202.97,18623.63,18051.07,17496.33,16959.66,16418.46,15888.53,15351.37,14806.92,14225.73,13621.24,13008.44,12387.29,11754.64,11103.67,10444.76,9808.21,9249.83,8701.35,8209.38,7723.86,7250.31,6779.60,6310.84,5830.76,5349.24,4869.53,4375.19,3885.35,3409.78,2953.85,2523.44,2116.45,1741.36,1397.94,1088.74,815.63,580.75,384.81,228.35,111.80,35.56
11.11,10.00,11.48,13.15,15.01,17.06,19.29,21.69,24.35,27.28,30.51,34.06,37.92,42.13,46.68,51.58,56.85,62.47,68.46,74.80,81.48,88.87,97.04,106.10,116.14,127.30,139.69,153.48,168.85,185.99,205.12,226.52,249.60,274.44,301.07,329.56,359.92,392.19,426.37,462.46,500.44,540.27,581.88,623.71,665.33,706.28,746.09,784.26,820.31,853.74,884.09,910.92,933.82,952.45,966.52,975.80
12,29745.78,28725.41,27711.91,26714.16,25760.94,24836.93,24029.83,23267.49,22515.06,21784.42,21129.85,20490.60,19867.45,19260.87,18667.52,18082.45,17515.26,16966.26,16419.88,15886.76,15346.33,14798.55,14221.43,13624.00,13018.43,12404.66,11775.63,11113.07,10442.60,9787.82,9202.56,8628.84,8122.71,7626.10,7153.50,6684.20,6217.36,5743.85,5269.44,4797.01,4311.52,3829.53,3362.47,2913.89,2490.78,2089.96,1720.26,1381.60,1076.14,805.95,573.62,379.83,225.24,110.08,34.98
12.12,10.00,11.48,13.15,15.01,17.05,19.28,21.68,24.34,27.27,30.50,34.04,37.90,42.09,46.64,51.53,56.79,62.40,68.37,74.70,81.36,88.73,96.88,105.91,115.93,127.04,139.40,153.14,168.45,185.51,204.57,225.87,248.85,273.56,300.06,328.39,358.59,390.67,424.65,460.51,498.24,537.80,579.12,620.64,661.95,702.59,742.09,779.96,815.71,848.87,878.96,905.56,928.26,946.73,960.68,969.88
