Month,0.0125,0.01434,0.016404,0.018694,0.021206,0.02393,0.026849,0.030074,0.033623,0.037515,0.041764,0.046384,0.051386,0.05678,0.06257,0.06876,0.075347,0.082325,0.089684,0.097408,0.105909,0.115273,0.125596,0.136986,0.149561,0.163458,0.178827,0.195837,0.214679,0.235567,0.258743,0.283548,0.310015,0.338169,0.368022,0.399577,0.432822,0.467732,0.504269,0.542379,0.581991,0.623018,0.663901,0.704243,0.743627,0.781631,0.817824,0.851783,0.883096,0.911374,0.936255,0.957414,0.974571,0.987495,0.99601
1,29611.61,28607.99,27611.72,26631.62,25695.91,24789.57,24001.61,23259.34,22527.65,21817.69,21177.98,20553.95,19946.34,19355.57,18776.16,18201.07,17643.95,17105.03,16565.22,16037.92,15503.57,14962.09,14384.76,13784.73,13176.51,12560.02,11923.59,11242.43,10553.25,9881.21,9272.15,8675.80,8158.23,7650.12,7171.49,6696.65,6224.81,5748.74,5273.29,4799.70,4312.93,3830.50,3361.78,2912.30,2487.84,2086.20,1716.16,1377.07,1071.75,802.09,570.54,377.69,223.93,109.55,34.81
1.1,10.00,11.48,13.15,15.01,17.06,19.29,21.69,24.35,27.28,30.52,34.06,37.93,42.13,46.68,51.58,56.85,62.48,68.46,74.80,81.49,88.87,97.05,106.11,116.15,127.31,139.70,153.50,168.87,186.01,205.15,226.55,249.64,274.48,301.12,329.61,359.98,392.26,426.45,462.55,500.54,540.38,582.00,623.85,665.48,706.44,746.26,784.45,820.51,853.96,884.32,911.16,934.07,952.71,966.78,976.07
2,29497.01,28516.01,27543.55,26588.26,25675.64,24792.91,24018.50,23285.78,22564.06,21863.20,21226.20,20605.01,20000.38,19412.70,18835.04,18258.51,17700.00,17159.76,16620.17,16093.53,15559.89,15019.18,14448.36,13857.73,13259.13,12652.40,12020.52,11325.95,10623.30,9935.08,9303.99,8686.78,8150.75,7626.22,7143.35,6664.83,6189.91,5715.54,5243.02,4772.51,4289.82,3811.18,3346.23,2900.03,2478.56,2079.56,1711.58,1374.30,1070.33,801.39,570.25,377.53,223.83,109.49,34.82
2.2,10.00,11.48,13.15,15.01,17.06,19.29,21.68,24.34,27.28,30.51,34.05,37.92,42.12,46.67,51.57,56.84,62.46,68.45,74.78,81.46,88.85,97.02,106.07,116.11,127.26,139.64,153.43,168.78,185.91,205.03,226.42,249.48,274.30,300.91,329.37,359.71,391.95,426.10,462.16,500.10,539.88,581.45,623.23,664.79,705.69,745.45,783.58,819.58,852.97,883.28,910.07,932.94,951.55,965.60,974.87
3,30373.79,29330.56,28294.13,27273.50,26271.14,25297.81,24465.06,23687.20,22919.31,22174.88,21514.51,20869.85,20241.69,19630.47,19028.32,18424.89,17839.68,17273.02,16712.06,16165.90,15612.16,15050.82,14468.03,13869.77,13263.40,12648.80,12010.90,11314.39,10609.82,9920.65,9294.60,8682.18,8160.64,7649.94,7174.55,6702.61,6233.30,5758.07,5282.58,4809.06,4321.58,3838.19,3369.21,2919.14,2494.47,2092.63,1722.12,1382.75,1076.93,806.55,574.12,380.29,225.56,110.37,35.10
3.3,10.00,11.48,13.15,15.01,17.06,19.29,21.68,24.34,27.28,30.51,34.05,37.91,42.11,46.66,51.56,56.82,62.44,68.42,74.75,81.42,88.80,96.97,106.01,116.04,127.17,139.55,153.32,168.65,185.76,204.86,226.21,249.24,274.02,300.59,329.00,359.28,391.46,425.54,461.52,499.38,539.08,580.55,622.23,663.70,704.50,744.16,782.19,818.10,851.40,881.63,908.34,931.15,949.70,963.71,972.95
4,30295.07,29303.68,28322.21,27358.86,26321.20,25311.88,24471.31,23698.47,22935.83,22194.34,21523.01,20867.15,20227.60,19604.82,18997.49,18403.28,17827.26,17269.72,16710.41,16163.26,15608.51,15046.13,14460.60,13858.52,13248.27,12629.74,11992.23,11309.75,10619.22,9944.80,9337.73,8743.12,8230.68,7727.98,7251.21,6777.57,6306.20,5825.44,5343.29,4863.31,4368.76,3878.49,3403.61,2948.22,2518.89,2113.22,1739.14,1396.95,1088.69,816.28,581.62,385.56,228.82,112.01,35.63
4.4,10.00,11.48,13.15,15.01,17.06,19.28,21.68,24.34,27.27,30.50,34.04,37.91,42.11,46.65,51.55,56.81,62.43,68.40,74.73,81.40,88.78,96.94,105.97,116.00,127.13,139.49,153.25,168.58,185.67,204.75,226.09,249.10,273.85,300.40,328.78,359.03,391.18,425.22,461.16,498.97,538.62,580.04,621.66,663.07,703.81,743.42,781.39,817.24,850.49,880.67,907.34,930.11,948.63,962.62,971.85
5,31257.73,30162.82,29073.60,27999.42,26928.19,25885.72,25007.21,24193.13,23388.50,22605.71,21900.02,21209.55,20535.21,19877.57,19238.25,18618.57,18017.32,17434.85,16861.11,16303.37,15737.78,15164.31,14572.12,13965.88,13351.41,12728.59,12088.80,11411.62,10726.29,10057.36,9455.23,8865.00,8357.55,7858.67,7378.79,6901.61,6426.19,5937.62,5446.60,4957.73,4453.67,3954.09,3470.25,3006.45,2569.03,2156.05,1774.99,1426.57,1112.68,834.96,595.33,394.82,234.37,114.73,36.50
5.5,10.00,11.48,13.15,15.01,17.06,19.29,21.68,24.34,27.28,30.51,34.05,37.91,42.11,46.66,51.56,56.82,62.44,68.41,74.75,81.42,88.80,96.96,106.00,116.03,127.16,139.54,153.30,168.64,185.74,204.84,226.18,249.21,273.98,300.55,328.95,359.23,391.40,425.48,461.45,499.30,538.99,580.45,622.12,663.58,704.37,744.02,782.03,817.93,851.22,881.44,908.14,930.94,949.49,963.49,972.74
6,31929.80,30759.35,29591.34,28436.00,27328.15,26248.97,25338.00,24492.30,23655.34,22841.33,22113.49,21400.66,20703.79,20023.52,19363.69,18728.29,18111.42,17513.49,16935.66,16377.71,15811.95,15238.32,14642.10,14029.82,13409.19,12780.12,12138.96,11477.42,10807.67,10159.21,9589.35,9029.24,8536.07,8048.47,7562.85,7079.39,6597.10,6095.82,5590.84,5088.22,4570.21,4057.19,3560.38,3084.51,2635.63,2212.20,1821.42,1464.00,1141.95,856.81,610.76,404.85,240.19,117.53,37.38
6.6,10.00,11.48,13.15,15.01,17.06,19.29,21.68,24.34,27.28,30.51,34.05,37.92,42.12,46.67,51.57,56.83,62.46,68.44,74.77,81.45,88.83,97.00,106.05,116.09,127.23,139.62,153.40,168.75,185.87,204.99,226.36,249.42,274.22,300.83,329.27,359.59,391.82,425.95,461.98,499.90,539.66,581.20,622.96,664.50,705.37,745.10,783.21,819.18,852.55,882.83,909.60,932.46,951.05,965.09,974.35
7,31967.92,30794.37,29623.22,28464.76,27368.72,26301.73,25392.99,24545.18,23706.13,22889.52,22156.55,21438.54,20736.47,20050.96,19386.82,18749.22,18130.17,17530.11,16957.93,16408.19,15850.92,15286.06,14700.01,14098.65,13489.17,12871.44,12239.96,11581.91,10915.58,10269.51,9701.68,9143.23,8650.31,8162.67,7669.30,7178.21,6688.41,6178.29,5664.03,5152.55,4626.68,4105.95,3602.92,3121.62,2667.66,2239.36,1843.99,1482.27,1156.26,867.64,618.56,410.08,243.31,119.04,37.85
7.7,10.00,11.48,13.15,15.01,17.06,19.29,21.68,24.34,27.28,30.51,34.05,37.91,42.11,46.66,51.56,56.82,62.44,68.42,74.75,81.43,88.81,96.97,106.02,116.05,127.18,139.56,153.33,168.67,185.77,204.87,226.23,249.27,274.04,300.62,329.03,359.32,391.51,425.60,461.59,499.46,539.16,580.64,622.34,663.81,704.62,744.29,782.33,818.25,851.56,881.79,908.52,931.33,949.89,963.90,973.15
8,31538.19,30403.26,29272.17,28154.76,27076.30,26026.73,25136.62,24308.54,23489.58,22693.78,21984.35,21290.17,20612.17,19950.91,19308.09,18685.11,18080.62,17494.99,16931.11,16387.53,15836.59,15278.25,14703.72,14116.71,13521.86,12918.99,12291.76,11601.59,10903.15,10233.46,9669.23,9114.26,8629.42,8149.62,7658.65,7169.80,6682.04,6172.97,5659.27,5148.33,4623.54,4103.69,3601.43,3120.67,2667.15,2239.01,1843.76,1481.96,1155.80,867.03,618.01,409.71,243.13,118.98,37.84
8.8,10.00,11.48,13.15,15.01,17.06,19.29,21.68,24.34,27.28,30.51,34.05,37.91,42.11,46.66,51.56,56.81,62.43,68.41,74.74,81.42,88.79,96.96,106.00,116.03,127.16,139.53,153.30,168.63,185.73,204.82,226.17,249.19,273.96,300.52,328.92,359.19,391.36,425.43,461.40,499.24,538.92,580.37,622.04,663.49,704.27,743.91,781.91,817.80,851.08,881.30,908.00,930.79,949.33,963.33,972.57
9,30698.03,29682.50,28676.29,27687.82,26634.93,25610.63,24750.27,23954.74,23168.96,22405.48,21720.22,21050.39,20396.85,19760.11,19139.80,18534.85,17948.22,17380.24,16816.73,16267.68,15711.04,15146.75,14562.56,13963.80,13356.93,12741.84,12106.84,11424.81,10734.64,10072.77,9513.05,8962.68,8478.70,8000.04,7518.02,7038.08,6559.23,6061.27,5559.24,5059.54,4544.38,4034.00,3540.03,3066.83,2620.51,2199.06,1810.25,1454.32,1133.58,850.11,605.89,401.82,238.59,116.84,37.18
9.9,10.00,11.48,13.15,15.01,17.06,19.29,21.68,24.34,27.28,30.51,34.05,37.91,42.11,46.66,51.56,56.82,62.44,68.42,74.75,81.43,88.81,96.97,106.02,116.05,127.18,139.56,153.33,168.67,185.78,204.88,226.24,249.27,274.05,300.63,329.05,359.34,391.52,425.62,461.61,499.48,539.18,580.67,622.37,663.85,704.66,744.33,782.38,818.30,851.61,881.85,908.57,931.39,949.94,963.96,973.21
10,29616.33,28718.59,27835.06,26972.81,25954.67,24964.60,24145.46,23395.61,22656.32,21937.24,21281.27,20640.80,20016.59,19409.11,18816.34,18235.12,17671.92,17127.00,16578.44,16041.21,15496.63,14944.65,14365.70,13768.09,13162.36,12548.43,11918.81,11255.31,10583.79,9934.63,9372.74,8820.66,8330.44,7847.03,7369.20,6893.92,6420.25,5932.15,5441.02,4952.14,4448.11,3948.51,3464.74,3000.92,2563.73,2150.74,1769.95,1421.59,1107.77,830.32,591.52,392.20,232.86,114.04,36.29
10.10,10.00,11.48,13.15,15.01,17.06,19.28,21.68,24.34,27.27,30.50,34.04,37.91,42.10,46.65,51.55,56.81,62.42,68.40,74.73,81.40,88.77,96.93,105.97,116.00,127.12,139.49,153.25,168.57,185.66,204.74,226.08,249.09,273.84,300.38,328.76,359.01,391.15,425.19,461.12,498.93,538.57,579.99,621.61,663.01,703.75,743.35,781.31,817.16,850.40,880.58,907.25,930.01,948.53,962.51,971.74
11,29439.55,28506.67,27585.25,26683.22,25764.61,24875.92,24097.98,23362.80,22638.65,21934.55,21289.62,20660.43,20047.72,19451.91,18865.70,18279.70,17711.76,17162.15,16610.00,16069.87,15522.30,14967.24,14379.97,13771.56,13154.81,12529.67,11891.70,11230.98,10562.24,9911.70,9329.72,8758.78,8250.49,7750.29,7270.01,6793.10,6318.70,5836.38,5353.51,4872.79,4377.39,3886.66,3410.70,2954.45,2524.02,2117.47,1742.60,1399.38,1090.21,816.89,581.71,385.45,228.71,111.97,35.62
11.11,10.00,11.48,13.15,15.01,17.06,19.29,21.68,24.34,27.28,30.51,34.05,37.92,42.12,46.67,51.57,56.84,62.46,68.44,74.78,81.46,88.84,97.01,106.06,116.10,127.25,139.63,153.42,168.77,185.89,205.01,226.39,249.46,274.26,300.87,329.33,359.66,391.89,426.03,462.08,500.01,539.78,581.34,623.11,664.66,705.55,745.30,783.42,819.41,852.79,883.09,909.87,932.73,951.33,965.37,974.64
12,29637.73,28569.18,27504.22,26452.31,25493.50,24563.25,23772.52,23037.46,22312.95,21610.25,20980.70,20366.83,19769.35,19188.65,18618.01,18048.13,17496.09,16962.13,16422.70,15893.63,15357.38,14813.90,14237.26,13638.11,13030.80,12415.25,11784.23,11118.90,10445.66,9788.14,9200.22,8624.01,8115.56,7616.84,7142.31,6671.32,6203.07,5729.37,5255.29,4783.32,4299.02,3818.28,3352.23,2904.50,2482.35,2082.68,1714.10,1376.81,1072.77,803.77,572.32,379.14,224.91,109.94,34.94
12.12,10.00,11.48,13.15,15.01,17.05,19.28,21.68,24.34,27.27,30.50,34.04,37.90,42.09,46.64,51.53,56.79,62.40,68.37,74.70,81.36,88.73,96.88,105.91,115.93,127.04,139.39,153.14,168.44,185.51,204.57,225.87,248.85,273.56,300.06,328.39,358.59,390.67,424.64,460.51,498.24,537.79,579.11,620.64,661.94,702.58,742.08,779.95,815.70,848.86,878.95,905.55,928.25,946.72,960.66,969.87
