Month,0.0125,0.01434,0.016404,0.018694,0.021206,0.02393,0.026849,0.030074,0.033623,0.037515,0.041764,0.046384,0.051386,0.05678,0.06257,0.06876,0.075347,0.082325,0.089684,0.097408,0.105909,0.115273,0.125596,0.136986,0.149561,0.163458,0.178827,0.195837,0.214679,0.235567,0.258743,0.283548,0.310015,0.338169,0.368022,0.399577,0.432822,0.467732,0.504269,0.542379,0.581991,0.623018,0.663901,0.704243,0.743627,0.781631,0.817824,0.851783,0.883096,0.911374,0.936255,0.957414,0.974571,0.987495,0.99601
1,29560.33,28555.36,27557.78,26576.17,25588.99,24629.92,23809.77,23043.91,22287.45,21553.49,20902.19,20265.95,19645.57,19041.51,18454.92,17886.61,17335.98,16803.28,16268.89,15746.07,15216.19,14679.18,14116.67,13536.19,12947.87,12351.60,11737.43,11079.70,10414.11,9758.89,9155.51,8564.83,8047.26,7540.57,7066.90,6597.14,6130.53,5661.13,5192.32,4725.65,4247.61,3773.04,3312.81,2870.57,2453.46,2057.79,1693.12,1359.14,1058.02,791.67,563.03,372.58,220.83,107.79,34.21
1.1,10.00,11.48,13.15,15.01,17.05,19.28,21.68,24.34,27.27,30.50,34.04,37.90,42.09,46.64,51.53,56.79,62.40,68.37,74.70,81.36,88.73,96.88,105.92,115.93,127.05,139.40,153.14,168.45,185.52,204.58,225.88,248.86,273.57,300.08,328.41,358.61,390.69,424.67,460.54,498.27,537.83,579.16,620.69,662.00,702.64,742.14,780.02,815.78,848.94,879.03,905.63,928.34,946.81,960.76,969.96
2,29681.09,28748.12,27827.20,26926.18,25990.17,25084.15,24274.68,23500.41,22735.92,21991.89,21315.15,20653.44,20007.63,19378.22,18767.05,18175.70,17602.31,17047.19,16494.67,15955.77,15409.41,14855.54,14277.70,13683.18,13080.57,12469.78,11837.93,11156.06,10466.23,9793.89,9188.60,8596.00,8084.27,7582.23,7108.08,6637.65,6170.16,5697.98,5226.15,4756.50,4274.07,3795.91,3331.88,2886.77,2466.58,2068.67,1701.97,1365.98,1063.33,795.81,566.09,374.70,222.12,108.65,34.54
2.2,10.00,11.48,13.15,15.01,17.06,19.29,21.68,24.34,27.28,30.51,34.05,37.92,42.12,46.67,51.57,56.83,62.45,68.44,74.77,81.45,88.83,97.00,106.05,116.08,127.23,139.61,153.39,168.74,185.86,204.97,226.34,249.40,274.20,300.80,329.24,359.56,391.78,425.90,461.93,499.84,539.59,581.13,622.87,664.40,705.27,744.99,783.08,819.05,852.41,882.69,909.45,932.30,950.89,964.92,974.18
3,29293.29,28416.21,27553.94,26713.46,25731.91,24778.87,23964.74,23205.26,22455.69,21727.37,21072.03,20431.90,19807.79,19200.15,18608.49,18031.49,17472.33,16931.26,16387.34,15854.73,15314.81,14767.53,14191.96,13596.69,12993.32,12381.77,11753.90,11088.52,10415.26,9757.01,9166.12,8587.18,8080.61,7584.00,7112.68,6644.78,6179.48,5707.88,5235.58,4765.39,4282.82,3803.81,3339.70,2894.00,2473.68,2075.71,1708.60,1372.56,1069.56,801.49,570.77,378.16,224.34,109.54,34.77
3.3,10.00,11.48,13.15,15.01,17.05,19.28,21.68,24.34,27.27,30.50,34.04,37.90,42.09,46.64,51.53,56.79,62.40,68.37,74.70,81.36,88.73,96.88,105.91,115.92,127.04,139.39,153.13,168.44,185.51,204.56,225.87,248.84,273.55,300.05,328.38,358.57,390.65,424.63,460.49,498.22,537.77,579.09,620.61,661.92,702.55,742.04,779.91,815.66,848.82,878.91,905.50,928.20,946.67,960.61,969.81
4,31070.29,30011.09,28959.25,27923.96,26911.97,25930.01,25060.06,24230.75,23410.34,22614.15,21910.06,21221.22,20548.53,19892.56,19253.51,18630.99,18026.89,17441.59,16862.54,16298.84,15727.09,15147.26,14544.69,13926.01,13298.83,12663.10,12009.67,11318.50,10619.25,9937.63,9321.82,8718.99,8200.41,7691.54,7213.99,6739.86,6268.34,5790.87,5313.31,4837.53,4347.71,3862.11,3390.71,2938.57,2511.61,2108.21,1735.87,1394.91,1087.61,815.71,581.33,385.41,228.74,111.96,35.61
4.4,10.00,11.48,13.15,15.01,17.06,19.29,21.69,24.34,27.28,30.51,34.06,37.92,42.12,46.67,51.58,56.84,62.47,68.45,74.79,81.47,88.85,97.03,106.08,116.12,127.27,139.66,153.45,168.81,185.94,205.07,226.46,249.53,274.35,300.97,329.44,359.79,392.04,426.20,462.27,500.23,540.03,581.61,623.41,665.00,705.92,745.69,783.84,819.86,853.27,883.59,910.39,933.28,951.89,965.95,975.22
5,31534.24,30409.97,29290.19,28184.61,27106.55,26057.45,25152.74,24302.53,23460.58,22643.44,21925.89,21223.33,20536.70,19866.60,19220.74,18607.91,18013.49,17437.82,16868.95,16315.38,15754.10,15185.07,14590.45,13977.99,13357.17,12727.92,12081.90,11399.43,10708.83,10034.91,9428.53,8834.35,8320.95,7816.71,7336.32,6858.91,6383.59,5897.85,5410.47,4925.17,4425.30,3929.72,3449.58,2989.17,2554.80,2144.66,1766.04,1419.65,1107.45,831.09,592.61,393.02,233.31,114.22,36.34
5.5,10.00,11.48,13.15,15.01,17.06,19.29,21.68,24.34,27.28,30.51,34.05,37.91,42.11,46.66,51.56,56.82,62.44,68.42,74.75,81.42,88.80,96.96,106.00,116.03,127.17,139.54,153.31,168.64,185.75,204.84,226.19,249.22,273.99,300.56,328.97,359.25,391.42,425.50,461.47,499.33,539.01,580.48,622.16,663.62,704.41,744.06,782.08,817.98,851.27,881.49,908.20,931.00,949.55,963.56,972.80
6,32051.19,30883.72,29719.26,28567.99,27463.98,26389.05,25455.94,24575.37,23702.37,22855.49,22119.12,21397.60,20691.90,20002.67,19338.28,18708.35,18096.95,17504.46,16928.51,16371.24,15806.17,15233.27,14641.25,14034.93,13420.40,12797.53,12157.98,11481.80,10797.43,10131.39,9538.88,8957.53,8459.11,7968.20,7487.69,7009.29,6532.01,6036.98,5537.98,5041.12,4528.65,4020.65,3528.93,3057.64,2613.14,2193.62,1806.34,1452.08,1132.78,849.99,605.98,401.76,238.41,116.67,37.11
6.6,10.00,11.48,13.15,15.01,17.06,19.28,21.68,24.34,27.27,30.51,34.05,37.91,42.11,46.65,51.55,56.81,62.43,68.41,74.74,81.41,88.79,96.95,105.99,116.02,127.15,139.52,153.29,168.62,185.72,204.81,226.15,249.17,273.94,300.49,328.89,359.16,391.32,425.38,461.34,499.18,538.85,580.30,621.95,663.39,704.16,743.79,781.80,817.68,850.95,881.15,907.85,930.64,949.17,963.17,972.41
7,32138.65,30968.35,29801.04,28646.94,27538.70,26459.57,25523.37,24640.08,23764.35,22914.39,22172.41,21445.21,20733.78,20038.80,19369.76,18737.57,18123.92,17529.23,16957.34,16406.20,15847.48,15281.13,14701.63,14111.31,13513.09,12906.78,12280.62,11607.40,10925.89,10263.34,9674.75,9096.78,8603.16,8115.64,7627.19,7140.80,6655.45,6149.75,5639.72,5132.17,4609.72,4092.12,3591.60,3112.33,2660.07,2232.87,1838.55,1477.70,1152.44,864.42,616.03,408.25,242.17,118.48,37.68
7.7,10.00,11.48,13.15,15.01,17.06,19.29,21.68,24.34,27.28,30.51,34.05,37.91,42.11,46.66,51.56,56.82,62.44,68.42,74.76,81.43,88.81,96.97,106.02,116.05,127.19,139.57,153.34,168.68,185.79,204.89,226.25,249.28,274.07,300.65,329.06,359.36,391.55,425.64,461.64,499.51,539.22,580.71,622.41,663.90,704.71,744.39,782.44,818.36,851.68,881.92,908.65,931.47,950.03,964.04,973.29
8,31711.82,30581.31,29455.34,28343.69,27254.63,26194.58,25278.44,24416.34,23562.26,22734.08,22013.48,21307.93,20618.38,19945.42,19295.11,18674.26,18071.89,17488.36,16920.79,16371.60,15814.87,15250.56,14672.04,14082.06,13484.19,12878.24,12251.22,11571.80,10884.13,10218.66,9639.98,9071.44,8578.02,8091.03,7602.74,7116.63,6631.71,6127.73,5619.45,5113.64,4593.38,4077.71,3579.33,3102.00,2651.67,2226.44,1833.75,1474.16,1149.84,862.41,614.60,407.38,241.74,118.31,37.63
8.8,10.00,11.48,13.15,15.01,17.06,19.28,21.68,24.34,27.27,30.50,34.04,37.91,42.11,46.65,51.55,56.81,62.43,68.40,74.73,81.40,88.78,96.94,105.98,116.00,127.13,139.50,153.26,168.59,185.68,204.76,226.10,249.11,273.87,300.42,328.80,359.05,391.20,425.25,461.19,499.01,538.66,580.08,621.71,663.13,703.88,743.48,781.46,817.32,850.57,880.76,907.43,930.21,948.73,962.72,971.95
9,30841.99,29833.71,28835.52,27855.68,26787.83,25748.52,24861.92,24033.99,23214.70,22420.34,21723.97,21042.76,20377.63,19729.10,19101.26,18498.41,17913.84,17347.86,16782.84,16231.15,15671.76,15104.62,14516.78,13913.94,13302.90,12683.57,12047.89,11377.54,10699.06,10046.19,9485.44,8934.17,8447.91,7967.08,7487.09,7009.16,6532.32,6036.62,5537.09,5039.80,4526.41,4017.96,3525.76,3054.36,2609.72,2190.10,1802.94,1448.45,1128.98,846.46,603.14,399.93,237.45,116.29,37.00
9.9,10.00,11.48,13.15,15.01,17.06,19.29,21.68,24.34,27.28,30.51,34.05,37.92,42.12,46.67,51.57,56.83,62.45,68.43,74.77,81.44,88.82,96.99,106.04,116.08,127.22,139.60,153.38,168.72,185.84,204.95,226.32,249.37,274.16,300.76,329.19,359.50,391.71,425.83,461.85,499.75,539.49,581.02,622.75,664.27,705.12,744.83,782.91,818.87,852.21,882.48,909.24,932.08,950.66,964.69,973.95
10,29937.65,28984.36,28042.50,27119.81,26095.46,25099.28,24258.51,23478.95,22708.97,21961.56,21295.05,20643.79,20008.60,19389.97,18789.96,18210.46,17648.96,17105.69,16556.85,16018.79,15473.34,14920.45,14340.84,13742.88,13136.79,12522.47,11893.48,11234.62,10567.75,9920.21,9347.86,8785.98,8291.56,7804.35,7328.86,6855.94,6384.65,5899.81,5412.38,4927.01,4426.19,3929.81,3448.74,2987.46,2552.49,2141.86,1763.07,1416.46,1104.17,828.13,590.27,391.51,232.50,113.87,36.24
10.10,10.00,11.48,13.15,15.01,17.06,19.29,21.68,24.34,27.28,30.51,34.05,37.91,42.11,46.66,51.56,56.82,62.44,68.42,74.75,81.42,88.80,96.97,106.01,116.04,127.17,139.55,153.32,168.66,185.76,204.86,226.21,249.24,274.02,300.59,329.00,359.28,391.46,425.55,461.53,499.39,539.08,580.56,622.24,663.71,704.51,744.17,782.20,818.11,851.41,881.63,908.35,931.16,949.71,963.72,972.96
11,29580.78,28621.04,27671.49,26740.17,25765.81,24820.14,24006.87,23245.09,22493.16,21763.19,21109.42,20470.95,19848.54,19242.67,18652.81,18077.68,17520.40,16981.25,16437.80,15905.43,15365.78,14818.79,14236.89,13631.98,13018.78,12397.24,11762.77,11104.31,10437.93,9791.91,9225.02,8668.58,8172.16,7683.50,7210.61,6740.72,6272.96,5795.11,5315.71,4838.43,4346.65,3859.17,3386.44,2932.91,2505.39,2101.57,1729.30,1388.81,1082.16,811.11,577.78,382.94,227.27,111.28,35.40
11.11,10.00,11.48,13.15,15.01,17.06,19.28,21.68,24.34,27.27,30.51,34.05,37.91,42.11,46.65,51.55,56.81,62.43,68.41,74.74,81.41,88.79,96.95,105.99,116.02,127.15,139.52,153.29,168.62,185.72,204.81,226.15,249.18,273.94,300.50,328.90,359.17,391.33,425.40,461.36,499.20,538.87,580.32,621.98,663.42,704.19,743.83,781.83,817.71,850.99,881.20,907.89,930.68,949.22,963.22,972.46
12,29546.65,28566.64,27595.71,26642.13,25666.59,24719.64,23897.76,23124.03,22359.57,21618.04,20963.83,20324.73,19701.55,19094.74,18506.87,17940.69,17392.26,16861.82,16326.34,15800.96,15268.48,14728.84,14155.62,13558.98,12954.23,12341.29,11713.32,11050.44,10379.73,9724.18,9143.20,8573.68,8071.97,7580.72,7113.61,6649.84,6188.18,5719.26,5248.56,4779.55,4296.99,3817.18,3352.09,2904.50,2482.77,2082.85,1714.10,1376.63,1072.08,803.08,571.70,378.73,224.67,109.82,34.88
12.12,10.00,11.48,13.15,15.01,17.05,19.28,21.68,24.33,27.26,30.49,34.02,37.88,42.07,46.61,51.50,56.75,62.36,68.32,74.64,81.30,88.65,96.79,105.81,115.80,126.90,139.23,152.94,168.22,185.25,204.26,225.51,248.42,273.07,299.49,327.73,357.83,389.81,423.67,459.40,496.99,536.39,577.55,618.91,660.04,700.50,739.82,777.52,813.10,846.10,876.05,902.52,925.11,943.49,957.36,966.52
