Month,0.0125,0.01434,0.016404,0.018694,0.021206,0.02393,0.026849,0.030074,0.033623,0.037515,0.041764,0.046384,0.051386,0.05678,0.06257,0.06876,0.075347,0.082325,0.089684,0.097408,0.105909,0.115273,0.125596,0.136986,0.149561,0.163458,0.178827,0.195837,0.214679,0.235567,0.258743,0.283548,0.310015,0.338169,0.368022,0.399577,0.432822,0.467732,0.504269,0.542379,0.581991,0.623018,0.663901,0.704243,0.743627,0.781631,0.817824,0.851783,0.883096,0.911374,0.936255,0.957414,0.974571,0.987495,0.99601
1,29063.32,28069.70,27082.69,26110.94,25163.31,24243.68,23485.75,22793.96,22113.87,21452.88,20842.02,20247.01,19668.54,19106.93,18549.26,17980.03,17428.54,16895.03,16360.70,15838.89,15310.06,14774.16,14197.04,13594.70,12984.08,12365.12,11735.82,11092.00,10440.23,9806.10,9233.83,8672.29,8168.66,7672.55,7196.36,6723.57,6253.37,5776.49,5299.62,4824.26,4335.98,3851.87,3381.10,2929.69,2503.04,2099.22,1727.08,1385.89,1078.67,807.36,574.34,380.22,225.44,110.30,35.03
1.1,10.00,11.48,13.15,15.01,17.06,19.29,21.69,24.35,27.29,30.52,34.06,37.93,42.14,46.69,51.60,56.87,62.49,68.48,74.83,81.51,88.91,97.09,106.15,116.21,127.37,139.78,153.58,168.96,186.12,205.28,226.70,249.82,274.69,301.36,329.89,360.30,392.63,426.87,463.03,501.08,540.98,582.68,624.59,666.30,707.34,747.23,785.50,821.63,855.14,885.57,912.46,935.42,954.10,968.20,977.51
2,29776.94,28701.77,27629.99,26571.02,25574.98,24606.73,23811.69,23087.48,22374.28,21680.53,21043.21,20421.46,19816.02,19227.30,18646.29,18061.29,17494.15,16945.16,16399.31,15867.10,15327.57,14780.70,14198.45,13593.02,12979.27,12357.17,11723.16,11068.72,10406.40,9761.13,9183.95,8617.90,8117.76,7626.07,7156.06,6689.10,6224.33,5752.01,5278.71,4807.11,4321.21,3839.08,3370.72,2920.81,2496.11,2093.65,1722.68,1382.89,1076.76,806.28,573.85,380.07,225.44,110.32,35.09
2.2,10.00,11.48,13.15,15.01,17.06,19.29,21.68,24.34,27.28,30.51,34.05,37.91,42.11,46.66,51.56,56.82,62.44,68.42,74.75,81.42,88.80,96.96,106.01,116.04,127.17,139.55,153.31,168.65,185.75,204.85,226.20,249.23,274.01,300.58,328.99,359.27,391.45,425.53,461.51,499.36,539.06,580.53,622.21,663.67,704.47,744.13,782.16,818.06,851.36,881.58,908.30,931.10,949.65,963.66,972.90
3,30298.80,29240.28,28187.71,27150.33,26188.87,25257.35,24452.68,23698.11,22954.49,22228.61,21550.77,20888.34,20242.17,19612.74,18994.99,18381.39,17786.02,17209.23,16641.23,16088.82,15528.64,14960.66,14363.44,13745.29,13118.66,12483.53,11835.18,11159.76,10476.45,9808.21,9214.06,8631.94,8120.49,7620.15,7145.93,6675.55,6207.80,5734.13,5259.50,4787.02,4302.43,3820.95,3355.05,2907.35,2485.45,2085.98,1717.36,1380.02,1075.58,806.35,574.42,380.74,225.96,110.52,35.12
3.3,10.00,11.48,13.15,15.01,17.05,19.28,21.68,24.33,27.26,30.49,34.02,37.88,42.08,46.61,51.50,56.75,62.36,68.33,74.64,81.30,88.66,96.80,105.81,115.81,126.90,139.23,152.95,168.23,185.26,204.27,225.52,248.44,273.09,299.51,327.76,357.86,389.84,423.71,459.45,497.04,536.45,577.62,618.98,660.12,700.59,739.91,777.62,813.21,846.22,876.17,902.65,925.24,943.62,957.50,966.66
4,30216.65,29211.00,28214.29,27234.96,26216.12,25225.90,24400.18,23640.98,22892.43,22162.14,21483.80,20820.75,20173.82,19543.52,18927.35,18321.40,17733.59,17164.26,16600.81,16052.01,15495.50,14931.26,14336.96,13721.78,13098.15,12466.04,11822.78,11161.17,10491.63,9840.82,9270.14,8710.01,8215.13,7728.55,7255.50,6785.20,6316.75,5836.07,5352.69,4871.53,4376.19,3884.81,3409.25,2952.98,2523.12,2117.31,1742.94,1400.65,1092.21,819.36,584.08,387.31,229.92,112.44,35.73
4.4,10.00,11.48,13.15,15.01,17.05,19.28,21.68,24.34,27.27,30.50,34.04,37.90,42.09,46.64,51.53,56.78,62.40,68.37,74.69,81.36,88.73,96.88,105.91,115.92,127.03,139.39,153.13,168.43,185.50,204.55,225.85,248.83,273.53,300.03,328.36,358.55,390.62,424.59,460.45,498.17,537.72,579.03,620.55,661.84,702.47,741.96,779.82,815.56,848.71,878.80,905.39,928.09,946.55,960.49,969.69
5,31145.90,30057.93,28975.75,27908.77,26862.90,25846.22,24986.24,24187.93,23399.65,22630.52,21920.21,21225.04,20545.92,19883.44,19237.86,18608.81,17998.18,17406.36,16827.79,16266.80,15697.84,15120.86,14517.95,13897.02,13267.56,12629.51,11981.26,11318.93,10648.52,9999.76,9431.61,8873.49,8382.13,7897.06,7418.49,6942.25,6467.39,5976.10,5481.63,4989.37,4481.45,3978.33,3491.04,3024.15,2583.86,2168.55,1785.33,1434.82,1119.02,839.56,598.50,396.85,235.55,115.31,36.68
5.5,10.00,11.48,13.15,15.01,17.06,19.29,21.68,24.34,27.28,30.51,34.05,37.92,42.12,46.66,51.57,56.83,62.45,68.43,74.76,81.44,88.82,96.99,106.04,116.07,127.21,139.59,153.37,168.71,185.82,204.93,226.30,249.35,274.14,300.73,329.16,359.47,391.67,425.79,461.80,499.69,539.43,580.94,622.67,664.18,705.02,744.73,782.80,818.75,852.09,882.35,909.10,931.93,950.51,964.53,973.79
6,31661.37,30502.72,29346.68,28203.47,27136.24,26098.28,25219.25,24402.48,23595.40,22808.14,22085.20,21377.36,20685.55,20010.39,19355.65,18725.27,18113.43,17520.51,16947.10,16393.35,15831.92,15262.78,14664.43,14046.23,13419.57,12784.40,12138.49,11476.52,10806.36,10159.08,9598.19,9046.52,8558.00,8074.83,7588.74,7104.70,6621.71,6119.03,5612.09,5107.51,4587.87,4072.96,3574.77,3097.55,2647.36,2222.58,1830.37,1471.41,1147.78,861.04,613.70,406.76,241.31,118.06,37.55
6.6,10.00,11.48,13.15,15.01,17.06,19.29,21.68,24.34,27.28,30.51,34.05,37.91,42.11,46.66,51.56,56.82,62.44,68.42,74.75,81.42,88.80,96.97,106.01,116.04,127.18,139.55,153.32,168.66,185.76,204.86,226.21,249.25,274.02,300.60,329.01,359.29,391.47,425.56,461.54,499.40,539.10,580.57,622.26,663.73,704.53,744.19,782.23,818.14,851.44,881.67,908.38,931.19,949.75,963.76,973.00
7,31728.87,30564.35,29402.24,28252.85,27189.95,26156.53,25275.38,24453.38,23640.97,22848.19,22119.19,21405.20,20707.17,20025.74,19365.24,18730.34,18113.97,17516.57,16954.79,16417.96,15874.01,15322.86,14741.86,14140.79,13531.63,12914.22,12278.91,11603.06,10918.94,10265.21,9721.13,9185.03,8699.30,8217.59,7720.49,7225.72,6732.29,6218.30,5700.10,5184.80,4655.65,4131.64,3625.28,3140.65,2683.72,2253.05,1855.43,1491.72,1163.91,873.50,622.80,412.89,244.98,119.85,38.11
7.7,10.00,11.48,13.15,15.01,17.06,19.29,21.68,24.34,27.28,30.51,34.05,37.91,42.11,46.66,51.56,56.82,62.44,68.42,74.75,81.42,88.80,96.96,106.01,116.04,127.17,139.55,153.32,168.65,185.76,204.85,226.20,249.24,274.01,300.58,328.99,359.27,391.45,425.53,461.51,499.37,539.06,580.53,622.21,663.68,704.48,744.14,782.16,818.07,851.37,881.59,908.31,931.11,949.66,963.67,972.91
8,31338.58,30215.18,29095.87,27990.50,26943.56,25925.98,25062.87,24260.52,23468.18,22695.96,21988.60,21296.55,20620.73,19961.70,19319.11,18691.85,18083.10,17493.24,16928.57,16385.39,15834.86,15276.95,14681.40,14061.18,13432.49,12795.25,12145.35,11472.75,10791.97,10147.49,9633.23,9125.48,8652.11,8181.68,7689.80,7199.94,6711.06,6200.32,5684.59,5171.60,4645.14,4123.43,3619.40,3136.81,2681.47,2251.46,1854.34,1490.69,1162.73,872.23,621.70,412.16,244.61,119.73,38.09
8.8,10.00,11.48,13.15,15.01,17.06,19.28,21.68,24.34,27.27,30.50,34.04,37.91,42.11,46.65,51.55,56.81,62.43,68.41,74.74,81.41,88.78,96.94,105.98,116.01,127.14,139.51,153.27,168.60,185.69,204.78,226.12,249.13,273.89,300.44,328.83,359.09,391.25,425.30,461.25,499.07,538.73,580.16,621.80,663.23,703.98,743.60,781.58,817.45,850.71,880.90,907.59,930.36,948.89,962.88,972.12
9,30480.36,29474.89,28478.83,27500.59,26473.91,25476.10,24640.86,23870.63,23110.97,22370.95,21690.12,21024.78,20375.77,19743.58,19123.79,18510.35,17915.22,17338.75,16775.25,16229.04,15675.29,15113.96,14511.48,13882.68,13245.19,12599.00,11946.78,11294.38,10633.92,10005.11,9487.01,8975.97,8503.69,8034.67,7552.83,7072.86,6593.73,6093.82,5589.48,5087.40,4569.59,4056.64,3560.12,3084.52,2635.83,2212.24,1821.35,1463.48,1140.94,855.62,609.76,404.32,240.04,117.55,37.40
9.9,10.00,11.48,13.15,15.01,17.06,19.29,21.68,24.34,27.28,30.51,34.05,37.92,42.12,46.66,51.56,56.83,62.45,68.43,74.76,81.44,88.82,96.99,106.03,116.07,127.21,139.59,153.36,168.71,185.82,204.93,226.29,249.34,274.13,300.72,329.15,359.45,391.66,425.77,461.78,499.67,539.40,580.91,622.64,664.14,704.99,744.69,782.75,818.70,852.04,882.30,909.04,931.88,950.45,964.47,973.73
10,29399.68,28480.73,27574.03,26686.99,25687.77,24716.48,23925.09,23207.69,22501.76,21812.99,21165.29,20533.08,19917.12,19317.87,18730.36,18148.04,17583.64,17037.44,16492.31,15960.24,15420.91,14874.28,14285.07,13669.03,13044.48,12411.41,11774.83,11145.77,10508.74,9894.43,9362.70,8839.11,8357.51,7880.64,7402.38,6926.53,6452.12,5961.57,5468.07,4976.81,4469.84,3967.79,3481.43,3015.53,2576.08,2161.14,1778.53,1428.37,1113.01,834.42,594.58,394.32,234.16,114.70,36.51
10.10,10.00,11.48,13.15,15.01,17.06,19.29,21.68,24.34,27.28,30.51,34.05,37.92,42.12,46.67,51.57,56.83,62.45,68.44,74.77,81.45,88.83,97.00,106.05,116.09,127.23,139.61,153.39,168.74,185.86,204.98,226.35,249.41,274.21,300.81,329.26,359.58,391.80,425.93,461.96,499.88,539.63,581.17,622.92,664.46,705.33,745.06,783.15,819.13,852.49,882.77,909.54,932.39,950.98,965.01,974.28
11,28499.36,27668.75,26853.73,26060.97,25163.62,24295.46,23557.38,22871.84,22198.39,21542.32,20925.28,20324.08,19739.41,19171.62,18608.89,18036.83,17482.57,16946.36,16411.22,15889.15,15360.10,14823.99,14244.82,13639.24,13025.33,12403.04,11773.25,11137.60,10493.97,9867.89,9305.03,8752.19,8253.45,7761.38,7282.88,6807.50,6334.38,5850.86,5366.46,4883.93,4387.25,3895.29,3417.99,2960.81,2529.26,2121.67,1745.91,1401.97,1092.30,818.70,583.17,386.56,229.45,112.37,35.75
11.11,10.00,11.48,13.15,15.01,17.06,19.29,21.69,24.35,27.28,30.52,34.06,37.93,42.13,46.68,51.59,56.86,62.48,68.47,74.81,81.50,88.89,97.06,106.12,116.17,127.33,139.73,153.53,168.90,186.05,205.20,226.61,249.71,274.56,301.21,329.71,360.10,392.40,426.61,462.73,500.74,540.61,582.26,624.13,665.79,706.78,746.63,784.85,820.94,854.41,884.79,911.65,934.58,953.23,967.32,976.61
12,28250.75,27338.88,26437.10,25552.97,24602.57,23679.14,22944.37,22289.38,21646.71,21020.49,20427.84,19850.91,19290.33,18746.43,18208.42,17662.09,17133.20,16621.94,16108.29,15605.77,15096.72,14581.09,14018.37,13425.55,12824.62,12215.54,11600.14,10982.85,10357.73,9744.37,9186.18,8638.04,8139.27,7648.45,7173.41,6701.79,6232.76,5756.13,5278.63,4803.45,4315.86,3832.22,3363.66,2913.98,2490.02,2089.06,1719.31,1381.03,1076.22,806.60,574.51,380.72,225.89,110.57,35.17
12.12,10.00,11.48,13.15,15.01,17.06,19.28,21.68,24.34,27.27,30.50,34.04,37.90,42.10,46.64,51.54,56.80,62.41,68.39,74.71,81.38,88.75,96.91,105.94,115.96,127.08,139.44,153.19,168.51,185.59,204.66,225.98,248.97,273.70,300.23,328.58,358.81,390.92,424.93,460.83,498.60,538.20,579.57,621.14,662.50,703.19,742.74,780.66,816.46,849.66,879.80,906.43,929.17,947.66,961.63,970.84
