Month,0.0125,0.01434,0.016404,0.018694,0.021206,0.02393,0.026849,0.030074,0.033623,0.037515,0.041764,0.046384,0.051386,0.05678,0.06257,0.06876,0.075347,0.082325,0.089684,0.097408,0.105909,0.115273,0.125596,0.136986,0.149561,0.163458,0.178827,0.195837,0.214679,0.235567,0.258743,0.283548,0.310015,0.338169,0.368022,0.399577,0.432822,0.467732,0.504269,0.542379,0.581991,0.623018,0.663901,0.704243,0.743627,0.781631,0.817824,0.851783,0.883096,0.911374,0.936255,0.957414,0.974571,0.987495,0.99601
1,29864.43,28830.50,27802.97,26791.02,25893.59,25026.96,24226.02,23446.53,22676.61,21925.84,21237.82,20564.52,19906.83,19265.30,18649.33,18070.56,17509.66,16966.91,16426.74,15899.63,15365.41,14824.03,14253.46,13662.41,13063.37,12456.23,11830.30,11156.25,10474.28,9799.75,9169.87,8554.16,8018.11,7495.33,7016.15,6542.01,6071.87,5604.77,5140.30,4678.00,4205.59,3736.25,3281.50,2844.31,2431.98,2041.00,1680.25,1349.57,1050.92,786.49,559.34,370.02,219.22,106.96,33.93
1.1,10.00,11.48,13.15,15.01,17.05,19.28,21.68,24.33,27.27,30.49,34.03,37.89,42.08,46.62,51.52,56.77,62.38,68.35,74.67,81.33,88.69,96.83,105.85,115.86,126.96,139.30,153.03,168.32,185.37,204.40,225.67,248.61,273.29,299.74,328.03,358.17,390.19,424.10,459.90,497.55,537.02,578.25,619.68,660.89,701.43,740.83,778.61,814.27,847.34,877.35,903.87,926.52,944.93,958.84,968.02
2,30134.19,29107.89,28089.11,27086.97,26196.98,25338.58,24536.22,23751.03,22975.71,22217.92,21511.77,20820.33,20144.51,19484.91,18852.22,18259.75,17685.35,17129.33,16579.91,16045.15,15503.14,14953.81,14379.01,13785.90,13184.80,12575.57,11944.63,11254.80,10557.00,9866.73,9221.41,8591.00,8048.47,7519.96,7039.79,6564.62,6093.41,5625.51,5160.25,4697.03,4222.53,3751.12,3294.20,2854.87,2440.60,2047.55,1685.11,1353.15,1053.57,788.58,560.93,371.22,220.01,107.33,34.04
2.2,10.00,11.48,13.15,15.01,17.05,19.28,21.68,24.33,27.27,30.49,34.03,37.89,42.08,46.62,51.52,56.77,62.38,68.35,74.67,81.33,88.69,96.84,105.86,115.86,126.97,139.31,153.04,168.33,185.37,204.41,225.68,248.63,273.30,299.76,328.05,358.19,390.22,424.13,459.93,497.59,537.06,578.30,619.74,660.95,701.50,740.90,778.68,814.35,847.42,877.44,903.97,926.62,945.03,958.94,968.12
3,29927.16,28998.70,28083.23,27188.56,26258.36,25358.84,24539.96,23748.88,22967.39,22206.16,21512.60,20833.98,20171.21,19524.83,18903.53,18317.39,17749.36,17199.70,16649.94,16112.82,15568.40,15016.61,14439.30,13844.26,13241.17,12629.91,11995.06,11300.05,10597.00,9906.39,9270.53,8648.91,8117.40,7597.73,7116.52,6639.65,6166.39,5692.90,5221.05,4751.44,4270.16,3792.80,3329.62,2884.96,2465.33,2067.71,1701.24,1365.74,1063.50,796.34,566.73,375.28,222.52,108.86,34.61
3.3,10.00,11.48,13.15,15.01,17.06,19.28,21.68,24.34,27.28,30.51,34.05,37.91,42.11,46.65,51.55,56.81,62.43,68.41,74.74,81.41,88.79,96.95,106.00,116.02,127.15,139.53,153.29,168.62,185.72,204.81,226.16,249.18,273.95,300.51,328.91,359.18,391.34,425.41,461.37,499.21,538.89,580.34,622.00,663.44,704.22,743.85,781.86,817.74,851.02,881.23,907.92,930.71,949.25,963.25,972.49
4,31158.10,30047.34,28941.12,27849.25,26846.90,25874.79,24987.00,24126.56,23273.74,22445.57,21720.50,21009.96,20314.95,19636.09,18988.29,18389.73,17809.36,17247.50,16690.59,16148.01,15597.98,15040.45,14453.82,13847.07,13232.07,12608.73,11967.28,11282.99,10590.68,9913.40,9302.29,8703.96,8186.85,7680.27,7202.18,6727.63,6255.80,5777.59,5298.85,4822.35,4332.43,3846.50,3375.90,2924.36,2498.76,2096.56,1725.62,1386.36,1080.68,810.29,577.35,382.69,227.08,110.91,35.22
4.4,10.00,11.48,13.15,15.01,17.06,19.28,21.68,24.34,27.27,30.50,34.04,37.90,42.10,46.64,51.54,56.79,62.41,68.38,74.71,81.38,88.75,96.90,105.94,115.95,127.07,139.43,153.18,168.49,185.57,204.64,225.95,248.94,273.67,300.18,328.53,358.75,390.85,424.85,460.75,498.51,538.09,579.45,621.01,662.36,703.03,742.57,780.48,816.27,849.46,879.58,906.21,928.93,947.42,961.38,970.59
5,31687.87,30579.44,29476.72,28389.44,27350.33,26341.49,25420.49,24527.33,23641.14,22781.39,22034.62,21302.29,20585.43,19884.73,19217.28,18602.62,18006.35,17428.81,16860.44,16308.26,15748.40,15180.82,14583.65,13966.86,13341.61,12707.85,12058.62,11378.97,10691.17,10022.05,9420.97,8831.81,8326.23,7828.41,7350.39,6875.06,6401.49,5914.78,5426.17,4939.42,4437.55,3940.34,3458.34,2996.60,2560.67,2149.00,1769.17,1421.60,1108.48,831.47,592.59,392.82,233.09,114.08,36.26
5.5,10.00,11.48,13.15,15.01,17.06,19.29,21.69,24.34,27.28,30.51,34.06,37.92,42.13,46.68,51.58,56.85,62.47,68.46,74.80,81.48,88.87,97.04,106.10,116.14,127.29,139.69,153.48,168.84,185.98,205.12,226.51,249.59,274.43,301.06,329.54,359.91,392.17,426.35,462.44,500.42,540.24,581.85,623.67,665.29,706.23,746.04,784.21,820.26,853.69,884.03,910.86,933.76,952.38,966.45,975.73
6,32264.40,31095.08,29929.18,28777.02,27704.03,26661.31,25709.69,24786.68,23869.99,22981.08,22218.17,21469.63,20736.53,20019.59,19336.88,18710.10,18101.84,17512.48,16941.00,16388.61,15828.58,15260.88,14671.91,14067.45,13454.82,12833.89,12192.74,11502.74,10804.55,10123.42,9512.46,8913.77,8410.21,7915.31,7436.91,6960.71,6485.76,5994.69,5500.00,5007.31,4498.92,3994.81,3506.71,3038.71,2597.27,2180.58,1795.83,1443.89,1126.64,845.46,602.79,399.65,237.15,116.06,36.91
6.6,10.00,11.48,13.15,15.01,17.06,19.28,21.68,24.34,27.27,30.50,34.04,37.91,42.11,46.65,51.55,56.81,62.43,68.41,74.74,81.41,88.78,96.94,105.98,116.01,127.14,139.51,153.27,168.60,185.69,204.78,226.12,249.14,273.89,300.45,328.83,359.09,391.25,425.30,461.25,499.08,538.73,580.17,621.81,663.23,703.99,743.60,781.59,817.46,850.72,880.91,907.59,930.37,948.90,962.89,972.13
7,32355.35,31179.66,30007.18,28848.33,27778.09,26738.33,25784.91,24857.86,23937.11,23043.48,22271.97,21514.71,20772.79,20046.96,19356.79,18725.73,18113.22,17519.64,16951.69,16405.39,15851.67,15290.47,14718.77,14137.76,13549.03,12952.37,12332.00,11650.65,10960.99,10280.14,9643.44,9020.16,8512.36,8013.62,7531.54,7051.45,6572.38,6074.86,5573.17,5073.56,4558.69,4048.18,3554.10,3080.54,2633.62,2211.71,1821.94,1465.10,1143.25,857.84,611.53,405.37,240.52,117.69,37.43
7.7,10.00,11.48,13.15,15.01,17.06,19.29,21.68,24.34,27.28,30.51,34.05,37.91,42.11,46.66,51.56,56.81,62.43,68.41,74.74,81.42,88.79,96.96,106.00,116.03,127.16,139.53,153.30,168.63,185.73,204.82,226.17,249.19,273.96,300.52,328.92,359.19,391.36,425.43,461.40,499.24,538.92,580.37,622.04,663.49,704.27,743.91,781.91,817.80,851.09,881.30,908.00,930.79,949.33,963.33,972.57
8,31911.90,30775.11,29642.90,28525.27,27474.11,26453.25,25521.98,24619.20,23723.21,22853.95,22101.88,21364.26,20642.13,19936.17,19263.63,18644.95,18044.72,17463.30,16896.83,16348.38,15792.41,15228.86,14662.41,14090.90,13511.84,12924.99,12311.42,11627.08,10934.45,10253.49,9624.85,9009.21,8507.72,8014.51,7532.50,7052.48,6573.45,6075.27,5572.87,5072.66,4556.97,4045.89,3551.43,3077.74,2630.77,2208.85,1819.23,1462.47,1140.76,855.78,609.99,404.40,240.01,117.49,37.38
8.8,10.00,11.48,13.15,15.01,17.06,19.29,21.68,24.34,27.28,30.51,34.05,37.91,42.11,46.66,51.56,56.82,62.44,68.42,74.75,81.42,88.80,96.97,106.01,116.04,127.18,139.55,153.32,168.66,185.76,204.86,226.21,249.25,274.02,300.59,329.00,359.29,391.47,425.55,461.54,499.40,539.09,580.57,622.25,663.72,704.53,744.19,782.22,818.13,851.43,881.66,908.38,931.18,949.74,963.75,972.99
9,30993.30,29982.81,28982.63,28001.21,26973.20,25975.00,25080.32,24221.52,23370.50,22544.22,21818.72,21107.85,20412.61,19733.61,19085.86,18486.89,17906.19,17344.05,16779.19,16226.43,15665.92,15097.64,14520.30,13934.39,13340.62,12738.82,12112.98,11426.89,10732.65,10056.62,9450.62,8856.75,8358.32,7867.66,7391.72,6918.01,6445.59,5957.89,5467.15,4978.25,4473.26,3972.70,3487.48,3022.26,2583.12,2168.13,1785.14,1434.38,1118.22,838.67,597.79,396.50,235.47,115.33,36.70
9.9,10.00,11.48,13.15,15.01,17.06,19.29,21.68,24.34,27.28,30.51,34.05,37.92,42.12,46.67,51.57,56.83,62.45,68.43,74.77,81.44,88.82,96.99,106.04,116.08,127.22,139.60,153.38,168.72,185.84,204.95,226.32,249.37,274.16,300.76,329.19,359.50,391.72,425.83,461.85,499.75,539.49,581.02,622.75,664.27,705.12,744.84,782.92,818.87,852.22,882.49,909.24,932.08,950.66,964.69,973.95
10,29844.55,28959.61,28090.11,27243.04,26264.01,25314.49,24470.51,23664.66,22867.66,22092.24,21394.36,20711.13,20043.48,19391.97,18770.54,18195.18,17637.78,17098.59,16550.46,16012.24,15466.61,14913.51,14334.89,13738.89,13134.77,12522.44,11891.32,11218.29,10537.25,9876.87,9291.04,8716.56,8220.11,7731.07,7258.67,6788.96,6321.03,5841.48,5360.19,4880.62,4385.82,3895.40,3419.35,2962.83,2531.83,2124.52,1748.79,1404.76,1094.84,820.99,585.13,388.09,230.45,112.87,35.92
10.10,10.00,11.48,13.15,15.01,17.06,19.29,21.69,24.34,27.28,30.51,34.06,37.92,42.12,46.67,51.58,56.84,62.47,68.45,74.79,81.47,88.85,97.03,106.08,116.12,127.27,139.66,153.45,168.81,185.94,205.07,226.45,249.53,274.35,300.97,329.44,359.78,392.03,426.20,462.26,500.22,540.01,581.60,623.39,664.98,705.90,745.67,783.82,819.84,853.24,883.57,910.37,933.25,951.86,965.92,975.19
11,29149.76,28280.15,27425.33,26592.65,25733.77,24906.15,24127.84,23364.02,22610.16,21872.89,21180.26,20502.11,19839.35,19192.56,18576.49,18008.43,17458.16,16925.91,16390.86,15867.40,15336.90,14799.31,14231.78,13644.36,13048.97,12445.51,11823.61,11159.64,10487.71,9831.81,9239.38,8658.81,8148.49,7647.19,7168.47,6693.55,6221.64,5744.96,5268.65,4794.63,4308.24,3826.13,3358.39,2909.71,2486.34,2086.25,1717.21,1379.33,1074.88,805.55,573.70,380.13,225.54,110.41,35.12
11.11,10.00,11.48,13.15,15.01,17.06,19.29,21.68,24.34,27.28,30.51,34.05,37.92,42.12,46.66,51.57,56.83,62.45,68.43,74.76,81.44,88.82,96.99,106.04,116.07,127.21,139.59,153.37,168.71,185.82,204.93,226.30,249.35,274.14,300.73,329.16,359.47,391.67,425.79,461.80,499.69,539.43,580.94,622.67,664.18,705.02,744.72,782.80,818.74,852.08,882.35,909.09,931.93,950.50,964.53,973.79
12,29793.75,28752.03,27716.01,26695.05,25812.65,24961.22,24170.07,23398.15,22636.01,21891.77,21201.81,20526.46,19866.63,19222.88,18608.45,18039.80,17488.98,16956.24,16426.58,15910.11,15386.87,14856.79,14295.76,13713.48,13123.37,12525.30,11907.15,11236.69,10558.25,9887.32,9260.38,8647.23,8107.29,7579.90,7092.42,6610.12,6132.22,5657.01,5184.69,4715.14,4236.30,3761.26,3301.73,2860.79,2445.15,2051.97,1689.21,1356.93,1057.09,791.67,563.44,373.09,221.25,108.08,34.32
12.12,10.00,11.48,13.15,15.01,17.05,19.28,21.68,24.33,27.27,30.50,34.03,37.89,42.09,46.63,51.52,56.78,62.39,68.36,74.68,81.34,88.71,96.86,105.88,115.89,127.00,139.35,153.08,168.38,185.44,204.48,225.77,248.73,273.42,299.89,328.20,358.37,390.42,424.36,460.19,497.88,537.39,578.66,620.14,661.39,701.98,741.43,779.25,814.95,848.06,878.11,904.67,927.34,945.78,959.71,968.90
