Month,0.0125,0.01434,0.016404,0.018694,0.021206,0.02393,0.026849,0.030074,0.033623,0.037515,0.041764,0.046384,0.051386,0.05678,0.06257,0.06876,0.075347,0.082325,0.089684,0.097408,0.105909,0.115273,0.125596,0.136986,0.149561,0.163458,0.178827,0.195837,0.214679,0.235567,0.258743,0.283548,0.310015,0.338169,0.368022,0.399577,0.432822,0.467732,0.504269,0.542379,0.581991,0.623018,0.663901,0.704243,0.743627,0.781631,0.817824,0.851783,0.883096,0.911374,0.936255,0.957414,0.974571,0.987495,0.99601
1,30215.95,29087.28,27959.80,26843.89,25932.19,25051.01,24232.63,23433.63,22643.44,21870.55,21152.77,20448.90,19759.91,19086.47,18448.99,17872.86,17314.40,16773.91,16245.80,15734.10,15215.68,14690.46,14139.47,13570.46,12993.84,12409.44,11804.66,11147.08,10481.57,9819.23,9185.06,8565.26,8023.60,7494.90,7013.03,6536.17,6063.65,5595.96,5131.58,4669.48,4197.17,3728.32,3273.60,2836.63,2424.50,2033.77,1673.55,1343.63,1046.14,783.04,557.03,368.63,218.45,106.52,33.78
1.1,10.00,11.48,13.15,15.01,17.05,19.28,21.68,24.34,27.27,30.50,34.04,37.90,42.09,46.64,51.53,56.79,62.40,68.37,74.70,81.36,88.73,96.89,105.92,115.93,127.05,139.40,153.14,168.45,185.52,204.58,225.88,248.86,273.58,300.08,328.41,358.61,390.70,424.68,460.54,498.28,537.84,579.17,620.70,662.01,702.65,742.16,780.03,815.79,848.95,879.05,905.65,928.36,946.83,960.78,969.98
2,29930.94,28901.04,27877.74,26870.07,25918.70,24996.85,24150.98,23329.37,22515.49,21723.82,21019.47,20329.12,19653.70,18993.86,18370.05,17806.75,17261.03,16733.15,16209.84,15700.31,15184.10,14661.13,14112.50,13546.37,12972.66,12391.20,11786.89,11124.52,10454.22,9790.47,9162.58,8548.74,8021.13,7505.28,7031.08,6561.04,6094.45,5627.75,5162.60,4699.45,4224.74,3753.70,3296.33,2857.09,2442.23,2048.76,1685.99,1353.26,1053.27,787.90,560.17,370.51,219.46,107.26,34.09
2.2,10.00,11.48,13.15,15.01,17.06,19.29,21.68,24.34,27.28,30.51,34.05,37.91,42.11,46.66,51.56,56.82,62.44,68.42,74.75,81.43,88.80,96.97,106.01,116.04,127.18,139.55,153.32,168.66,185.76,204.86,226.22,249.25,274.03,300.60,329.01,359.30,391.48,425.56,461.55,499.41,539.11,580.59,622.27,663.75,704.55,744.21,782.25,818.16,851.46,881.69,908.41,931.22,949.77,963.78,973.03
3,29636.77,28843.18,28070.35,27324.59,26450.57,25608.91,24794.43,23983.44,23181.68,22396.77,21661.55,20940.53,20234.72,19544.80,18888.87,18288.47,17706.15,17142.25,16589.00,16052.07,15507.79,14956.12,14381.40,13790.39,13191.40,12584.29,11955.51,11273.32,10583.11,9898.64,9247.84,8612.17,8074.43,7549.44,7070.39,6595.74,6124.78,5653.47,5183.88,4716.68,4238.01,3763.48,3303.43,2862.14,2445.75,2051.73,1688.44,1355.85,1056.21,791.26,563.35,373.17,221.33,108.29,34.44
3.3,10.00,11.48,13.15,15.01,17.06,19.29,21.68,24.34,27.28,30.51,34.05,37.91,42.11,46.66,51.56,56.82,62.44,68.42,74.75,81.42,88.80,96.97,106.01,116.04,127.17,139.55,153.32,168.65,185.76,204.86,226.21,249.24,274.02,300.59,329.00,359.28,391.46,425.54,461.52,499.38,539.08,580.55,622.24,663.70,704.50,744.16,782.19,818.10,851.40,881.63,908.34,931.15,949.70,963.71,972.96
4,30437.16,29516.83,28611.14,27727.54,26745.03,25792.92,24917.48,24066.09,23222.51,22401.06,21665.24,20943.59,20237.13,19546.54,18891.64,18295.55,17717.54,17157.92,16604.54,16066.09,15520.24,14966.96,14391.40,13800.16,13200.93,12593.57,11963.22,11277.07,10582.87,9902.00,9275.17,8662.06,8144.45,7637.06,7162.63,6691.63,6223.24,5748.24,5273.02,4799.84,4312.75,3830.07,3361.60,2912.32,2488.25,2087.18,1717.46,1379.21,1074.67,805.61,573.92,380.40,225.73,110.47,35.14
4.4,10.00,11.48,13.15,15.01,17.06,19.29,21.68,24.34,27.28,30.51,34.05,37.92,42.12,46.67,51.57,56.84,62.46,68.44,74.78,81.46,88.84,97.01,106.07,116.11,127.25,139.64,153.42,168.78,185.90,205.02,226.40,249.47,274.28,300.89,329.35,359.68,391.92,426.07,462.12,500.05,539.83,581.39,623.16,664.73,705.62,745.38,783.50,819.49,852.88,883.18,909.97,932.83,951.43,965.48,974.75
5,31694.40,30616.70,29546.76,28493.94,27468.67,26474.27,25549.08,24643.19,23744.03,22869.28,22098.68,21342.10,20600.62,19875.02,19188.30,18567.92,17965.91,17382.64,16813.24,16261.50,15702.08,15134.93,14550.54,13953.03,13347.44,12733.65,12097.34,11405.42,10705.37,10018.10,9385.59,8766.86,8246.55,7736.75,7260.12,6786.56,6315.21,5835.59,5354.91,4876.03,4382.33,3892.69,3417.70,2961.92,2531.72,2125.14,1749.85,1406.60,1097.29,823.48,587.18,389.41,231.16,113.15,35.99
5.5,10.00,11.48,13.15,15.01,17.06,19.29,21.68,24.34,27.28,30.51,34.05,37.91,42.11,46.66,51.56,56.82,62.44,68.42,74.76,81.43,88.81,96.98,106.02,116.05,127.19,139.57,153.34,168.68,185.79,204.89,226.25,249.29,274.07,300.65,329.07,359.36,391.55,425.65,461.65,499.52,539.23,580.72,622.42,663.91,704.73,744.41,782.46,818.38,851.70,881.94,908.67,931.49,950.05,964.07,973.32
6,32374.26,31211.69,30053.19,28909.07,27857.15,26836.27,25879.61,24939.04,24004.37,23096.08,22307.03,21531.86,20771.73,20027.42,19323.57,18689.59,18074.12,17477.57,16900.98,16344.21,15779.65,15207.26,14617.82,14015.30,13404.63,12785.68,12145.53,11454.08,10754.47,10071.31,9454.43,8850.28,8348.15,7854.69,7380.52,6908.47,6437.60,5951.71,5462.54,4975.04,4471.49,3972.01,3487.76,3023.19,2584.64,2170.49,1787.92,1437.68,1121.81,841.87,600.25,397.98,236.16,115.56,36.75
6.6,10.00,11.48,13.15,15.01,17.06,19.29,21.68,24.34,27.28,30.51,34.05,37.91,42.11,46.66,51.56,56.82,62.44,68.42,74.75,81.43,88.81,96.97,106.02,116.05,127.18,139.56,153.33,168.67,185.77,204.87,226.23,249.26,274.04,300.62,329.03,359.32,391.51,425.60,461.58,499.45,539.16,580.64,622.33,663.81,704.62,744.29,782.32,818.24,851.55,881.78,908.51,931.32,949.88,963.89,973.14
7,32422.18,31250.88,30083.20,28929.63,27892.15,26886.11,25935.26,24996.60,24064.00,23156.93,22363.26,21583.45,20818.66,20069.69,19360.21,18718.38,18095.09,17490.78,16912.74,16356.66,15792.82,15221.17,14643.06,14057.81,13464.74,12863.67,12242.47,11573.27,10895.81,10226.10,9596.29,8979.62,8463.24,7956.16,7475.15,6996.36,6518.85,6026.32,5530.64,5036.71,4527.06,4021.55,3531.51,3061.44,2617.55,2198.05,1810.56,1455.75,1135.76,852.25,607.62,402.89,239.10,117.01,37.22
7.7,10.00,11.48,13.15,15.01,17.06,19.29,21.68,24.34,27.28,30.51,34.05,37.91,42.11,46.66,51.56,56.82,62.44,68.42,74.76,81.43,88.81,96.98,106.02,116.06,127.19,139.57,153.34,168.68,185.79,204.90,226.25,249.30,274.08,300.66,329.08,359.38,391.57,425.67,461.67,499.54,539.26,580.75,622.46,663.95,704.77,744.45,782.50,818.43,851.75,882.00,908.73,931.55,950.11,964.13,973.38
8,32028.11,30882.45,29741.08,28614.27,27597.45,26611.97,25683.53,24768.79,23860.64,22977.54,22202.84,21442.20,20696.74,19967.22,19275.84,18649.10,18040.83,17451.40,16882.57,16333.68,15777.24,15213.20,14643.73,14067.78,13484.18,12892.72,12275.49,11590.98,10898.19,10213.86,9571.75,8943.53,8433.11,7932.21,7454.87,6979.54,6505.22,6013.91,5518.83,5025.57,4516.37,4011.40,3522.12,3052.90,2609.95,2191.42,1804.90,1450.94,1131.74,849.03,605.20,401.24,238.13,116.57,37.08
8.8,10.00,11.48,13.15,15.01,17.06,19.29,21.68,24.34,27.28,30.51,34.05,37.91,42.11,46.66,51.56,56.82,62.44,68.42,74.75,81.43,88.81,96.97,106.02,116.05,127.18,139.56,153.33,168.67,185.77,204.87,226.23,249.26,274.04,300.62,329.03,359.32,391.51,425.60,461.59,499.45,539.16,580.64,622.33,663.81,704.62,744.29,782.33,818.24,851.55,881.78,908.51,931.32,949.88,963.89,973.14
9,31098.13,30068.04,29047.18,28044.45,27052.03,26090.37,25197.74,24325.18,23460.05,22618.19,21869.57,21135.11,20415.86,19712.53,19046.01,18440.39,17852.99,17284.14,16721.12,16173.10,15617.45,15054.12,14484.90,13908.88,13325.18,12733.58,12118.06,11444.36,10762.48,10090.82,9463.17,8848.84,8338.40,7836.55,7360.37,6886.63,6414.42,5928.97,5441.37,4955.26,4453.14,3955.41,3472.24,3008.98,2571.56,2158.52,1777.30,1428.16,1113.50,835.12,595.23,394.75,234.39,114.78,36.51
9.9,10.00,11.48,13.15,15.01,17.06,19.29,21.69,24.35,27.28,30.51,34.06,37.92,42.13,46.68,51.58,56.85,62.47,68.46,74.80,81.48,88.87,97.04,106.10,116.14,127.29,139.69,153.48,168.85,185.98,205.12,226.52,249.60,274.43,301.07,329.55,359.92,392.19,426.37,462.46,500.44,540.26,581.87,623.70,665.32,706.27,746.07,784.25,820.30,853.73,884.08,910.90,933.81,952.44,966.50,975.79
10,29890.45,29010.81,28147.10,27306.45,26365.87,25455.94,24620.34,23809.03,23006.62,22223.03,21501.60,20794.45,20102.56,19426.58,18787.96,18212.19,17654.40,17114.84,16566.54,16028.04,15482.13,14928.77,14356.59,13770.55,13176.60,12574.60,11949.96,11269.21,10580.41,9906.71,9294.13,8694.40,8182.97,7681.15,7206.57,6735.17,6266.11,5789.55,5312.23,4836.77,4347.64,3862.45,3391.59,2939.66,2512.93,2109.30,1736.76,1395.54,1087.93,815.71,581.24,385.38,228.78,112.03,35.65
10.10,10.00,11.48,13.15,15.01,17.06,19.29,21.68,24.34,27.28,30.51,34.05,37.91,42.11,46.66,51.56,56.82,62.45,68.43,74.76,81.44,88.82,96.98,106.03,116.06,127.20,139.58,153.35,168.70,185.81,204.92,226.28,249.32,274.11,300.70,329.12,359.42,391.62,425.73,461.73,499.62,539.35,580.85,622.56,664.07,704.90,744.59,782.65,818.59,851.92,882.18,908.92,931.75,950.32,964.34,973.59
11,29816.41,28822.53,27837.27,26869.54,26000.25,25162.56,24372.49,23595.93,22829.26,22077.32,21359.90,20656.67,19968.60,19296.33,18660.54,18086.27,17529.87,16991.59,16455.22,15931.91,15401.62,14864.29,14303.99,13727.47,13143.22,12551.08,11934.43,11253.29,10564.15,9885.02,9253.82,8636.63,8110.86,7596.68,7121.00,6649.10,6180.21,5708.38,5237.09,4767.75,4285.59,3807.13,3343.03,2897.43,2476.80,2078.39,1710.85,1373.90,1070.02,800.90,569.75,377.10,223.53,109.35,34.77
11.11,10.00,11.48,13.15,15.01,17.06,19.28,21.68,24.34,27.27,30.50,34.04,37.91,42.11,46.65,51.55,56.81,62.43,68.40,74.73,81.41,88.78,96.94,105.98,116.01,127.13,139.50,153.26,168.59,185.68,204.77,226.11,249.12,273.88,300.43,328.81,359.07,391.22,425.27,461.22,499.04,538.69,580.12,621.75,663.17,703.92,743.53,781.52,817.38,850.63,880.82,907.50,930.27,948.80,962.79,972.02
12,29328.72,28386.21,27454.45,26541.67,25674.62,24838.59,24064.18,23310.12,22566.35,21838.16,21147.96,20472.28,19812.02,19167.75,18555.44,17994.68,17451.69,16926.69,16399.89,15884.66,15362.68,14833.87,14277.51,13702.16,13119.12,12528.20,11913.72,11236.20,10550.69,9872.04,9233.02,8608.51,8070.47,7545.22,7066.17,6591.55,6120.63,5649.66,5180.39,4713.50,4235.21,3760.76,3301.31,2860.46,2444.67,2050.90,1687.82,1355.15,1055.17,789.55,561.51,371.52,220.15,107.36,34.05
12.12,10.00,11.48,13.15,15.01,17.06,19.28,21.68,24.34,27.27,30.50,34.04,37.90,42.10,46.64,51.54,56.79,62.41,68.38,74.71,81.38,88.75,96.90,105.94,115.95,127.07,139.43,153.18,168.50,185.57,204.64,225.96,248.95,273.67,300.19,328.54,358.76,390.87,424.87,460.76,498.52,538.11,579.47,621.04,662.38,703.06,742.60,780.51,816.30,849.49,879.62,906.25,928.98,947.46,961.42,970.64
