Month,0.0125,0.01434,0.016404,0.018694,0.021206,0.02393,0.026849,0.030074,0.033623,0.037515,0.041764,0.046384,0.051386,0.05678,0.06257,0.06876,0.075347,0.082325,0.089684,0.097408,0.105909,0.115273,0.125596,0.136986,0.149561,0.163458,0.178827,0.195837,0.214679,0.235567,0.258743,0.283548,0.310015,0.338169,0.368022,0.399577,0.432822,0.467732,0.504269,0.542379,0.581991,0.623018,0.663901,0.704243,0.743627,0.781631,0.817824,0.851783,0.883096,0.911374,0.936255,0.957414,0.974571,0.987495,0.99601
1,29669.75,28633.03,27602.04,26585.64,25576.06,24594.08,23767.96,23003.90,22249.25,21517.27,20869.51,20236.85,19620.09,19019.68,18433.14,17856.56,17297.65,16756.69,16219.28,15695.20,15163.99,14625.60,14052.05,13454.58,12848.94,12235.09,11610.83,10970.02,10321.42,9685.54,9111.70,8548.98,8047.04,7554.64,7085.25,6619.34,6155.99,5686.94,5217.15,4749.33,4268.91,3791.75,3329.03,2884.09,2464.77,2067.37,1701.07,1365.86,1063.59,796.20,566.44,374.94,222.28,108.57,34.47
1.1,10.00,11.48,13.15,15.01,17.05,19.28,21.68,24.33,27.27,30.49,34.03,37.89,42.09,46.63,51.52,56.77,62.38,68.35,74.67,81.34,88.70,96.85,105.87,115.88,126.98,139.33,153.06,168.35,185.41,204.44,225.72,248.68,273.36,299.83,328.12,358.28,390.32,424.25,460.06,497.73,537.23,578.48,619.94,661.17,701.74,741.17,778.97,814.65,847.74,877.78,904.32,926.98,945.41,959.33,968.51
2,29663.20,28701.50,27750.01,26816.79,25841.77,24895.54,24083.66,23324.15,22574.71,21847.67,21198.01,20563.85,19945.96,19344.77,18755.30,18170.87,17604.40,17056.15,16510.28,15977.89,15438.24,14891.30,14310.31,13707.09,13095.63,12475.84,11838.16,11160.67,10475.21,9805.29,9197.32,8602.19,8086.54,7580.95,7105.44,6633.79,6165.24,5692.85,5221.07,4751.52,4269.13,3791.03,3327.47,2882.96,2463.44,2066.47,1700.49,1365.00,1062.65,795.37,565.83,374.58,222.08,108.64,34.55
2.2,10.00,11.48,13.15,15.01,17.06,19.29,21.68,24.34,27.28,30.51,34.05,37.92,42.12,46.66,51.57,56.83,62.45,68.43,74.76,81.44,88.82,96.99,106.04,116.07,127.21,139.59,153.37,168.71,185.82,204.93,226.30,249.35,274.14,300.73,329.16,359.47,391.67,425.78,461.80,499.69,539.42,580.94,622.66,664.17,705.02,744.72,782.79,818.74,852.08,882.34,909.09,931.92,950.49,964.52,973.78
3,29628.19,28788.52,27966.66,27169.14,26215.75,25292.39,24483.91,23719.29,22965.20,22231.53,21561.63,20907.28,20269.30,19648.15,19039.19,18436.16,17851.36,17285.10,16719.95,16168.17,15608.64,15041.33,14448.60,13838.29,13219.61,12592.52,11946.85,11259.65,10564.42,9886.20,9273.80,8674.32,8156.27,7648.16,7169.77,6695.14,6223.49,5746.39,5269.55,4795.07,4307.74,3824.91,3356.63,2907.66,2484.03,2083.31,1714.02,1375.86,1071.32,802.31,571.08,378.28,224.38,109.80,34.92
3.3,10.00,11.48,13.15,15.01,17.06,19.29,21.68,24.34,27.28,30.51,34.05,37.92,42.12,46.67,51.57,56.83,62.45,68.44,74.77,81.45,88.83,97.00,106.05,116.08,127.22,139.61,153.39,168.74,185.85,204.97,226.34,249.39,274.19,300.79,329.23,359.55,391.77,425.89,461.92,499.83,539.58,581.11,622.85,664.38,705.25,744.97,783.06,819.03,852.38,882.66,909.42,932.27,950.85,964.89,974.15
4,30617.95,29613.79,28619.47,27643.36,26607.43,25600.42,24737.35,23929.80,23131.50,22356.97,21671.53,21001.45,20347.59,19710.47,19090.56,18487.81,17903.34,17337.46,16773.19,16222.40,15663.92,15097.73,14504.62,13892.93,13272.88,12644.40,11998.65,11314.81,10622.90,9947.04,9336.36,8738.35,8218.75,7709.15,7229.34,6753.09,6279.57,5799.72,5319.60,4841.66,4350.11,3862.82,3390.45,2937.38,2510.01,2106.18,1733.68,1392.87,1085.83,814.31,580.31,384.72,228.33,111.77,35.56
4.4,10.00,11.48,13.15,15.01,17.06,19.29,21.68,24.34,27.28,30.51,34.05,37.91,42.11,46.66,51.56,56.82,62.44,68.42,74.75,81.42,88.80,96.96,106.01,116.04,127.17,139.55,153.32,168.65,185.76,204.85,226.21,249.24,274.01,300.58,328.99,359.27,391.45,425.53,461.52,499.37,539.07,580.54,622.22,663.69,704.49,744.14,782.17,818.08,851.38,881.60,908.32,931.12,949.67,963.68,972.93
5,31588.87,30470.18,29356.38,28257.15,27181.21,26134.39,25230.08,24379.35,23536.96,22720.09,22005.58,21306.22,20622.94,19956.33,19310.44,18689.46,18086.95,17503.29,16924.06,16359.56,15787.03,15206.43,14602.68,13982.53,13353.86,12716.63,12064.86,11385.10,10697.21,10028.86,9433.40,8849.51,8342.04,7842.53,7361.50,6883.38,6407.26,5918.95,5428.90,4941.09,4438.58,3940.82,3458.57,2996.53,2560.55,2148.94,1769.15,1421.78,1108.85,832.00,593.15,393.31,233.44,114.28,36.35
5.5,10.00,11.48,13.15,15.01,17.06,19.29,21.68,24.34,27.28,30.51,34.05,37.92,42.12,46.67,51.57,56.83,62.46,68.44,74.78,81.45,88.84,97.01,106.06,116.10,127.24,139.63,153.41,168.76,185.88,205.00,226.38,249.44,274.24,300.85,329.30,359.63,391.86,425.99,462.03,499.96,539.72,581.27,623.03,664.58,705.46,745.20,783.31,819.30,852.67,882.96,909.74,932.60,951.19,965.23,974.50
6,32063.59,30897.27,29733.94,28583.78,27475.55,26396.25,25465.19,24589.46,23721.49,22879.58,22145.57,21426.47,20723.25,20036.56,19374.42,18745.78,18135.68,17544.50,16968.53,16410.83,15845.33,15272.00,14672.19,14054.28,13427.92,12793.03,12145.73,11477.36,10800.80,10146.35,9571.75,9007.22,8512.76,8024.05,7540.95,7059.90,6579.91,6080.48,5577.32,5076.36,4559.64,4047.92,3552.49,3078.09,2630.41,2207.95,1818.03,1461.21,1139.63,854.93,609.34,403.89,239.61,117.23,37.28
6.6,10.00,11.48,13.15,15.01,17.06,19.29,21.68,24.34,27.28,30.51,34.05,37.92,42.12,46.67,51.57,56.84,62.46,68.45,74.78,81.46,88.85,97.02,106.07,116.11,127.26,139.65,153.43,168.79,185.91,205.04,226.42,249.49,274.30,300.92,329.38,359.72,391.96,426.11,462.17,500.11,539.89,581.46,623.24,664.81,705.72,745.48,783.61,819.61,853.00,883.31,910.10,932.98,951.58,965.63,974.90
7,32142.51,30972.18,29804.84,28650.73,27546.64,26471.77,25540.64,24662.99,23793.15,22948.77,22209.34,21484.79,20776.13,20083.99,19417.03,18785.09,18171.75,17577.40,17008.53,16461.28,15906.60,15344.45,14764.95,14172.36,13571.84,12963.21,12333.30,11651.95,10962.27,10292.90,9701.08,9120.01,8621.91,8130.07,7639.03,7150.23,6662.67,6155.63,5644.66,5136.24,4613.32,4095.32,3594.23,3114.38,2661.67,2234.48,1840.09,1479.21,1153.91,865.72,617.06,408.96,242.58,118.67,37.74
7.7,10.00,11.48,13.15,15.01,17.06,19.29,21.68,24.34,27.28,30.51,34.05,37.91,42.11,46.66,51.56,56.82,62.45,68.43,74.76,81.44,88.81,96.98,106.03,116.06,127.20,139.58,153.35,168.69,185.80,204.91,226.27,249.31,274.10,300.69,329.11,359.41,391.61,425.71,461.71,499.60,539.32,580.82,622.53,664.03,704.86,744.55,782.61,818.55,851.87,882.13,908.86,931.69,950.26,964.28,973.53
8,31711.72,30587.89,29468.97,28364.67,27278.53,26221.49,25310.31,24454.19,23606.36,22784.23,22066.54,21364.04,20677.66,20007.99,19359.65,18737.65,18134.20,17549.64,16981.38,16431.65,15874.40,15309.58,14727.77,14133.01,13530.26,12919.37,12283.66,11584.26,10876.61,10196.18,9615.41,9044.95,8560.90,8082.52,7598.62,7116.51,6635.16,6132.24,5624.44,5118.98,4598.48,4082.65,3583.53,3105.36,2654.19,2228.15,1834.84,1474.79,1150.18,862.61,614.70,407.43,241.75,118.33,37.64
8.8,10.00,11.48,13.15,15.01,17.06,19.29,21.68,24.34,27.28,30.51,34.05,37.91,42.11,46.66,51.56,56.82,62.44,68.42,74.75,81.42,88.80,96.97,106.01,116.04,127.17,139.55,153.32,168.66,185.76,204.86,226.21,249.24,274.02,300.59,329.00,359.29,391.47,425.55,461.53,499.39,539.09,580.56,622.25,663.72,704.52,744.18,782.21,818.12,851.42,881.64,908.36,931.17,949.72,963.73,972.98
9,30806.01,29798.52,28801.10,27822.04,26762.35,25731.33,24852.35,24032.06,23220.70,22433.97,21742.42,21066.20,20406.15,19762.83,19138.92,18537.04,17953.49,17388.56,16827.65,16281.04,15726.91,15165.23,14578.81,13975.17,13363.34,12743.21,12101.41,11407.14,10704.75,10030.96,9459.36,8897.92,8413.72,7935.44,7458.74,6983.96,6510.11,6017.34,5520.47,5025.66,4514.80,4008.56,3518.23,3048.30,2604.94,2186.22,1799.85,1446.04,1127.14,845.14,602.27,399.43,237.19,116.18,36.97
9.9,10.00,11.48,13.15,15.01,17.06,19.29,21.68,24.34,27.28,30.51,34.05,37.91,42.11,46.66,51.56,56.82,62.45,68.43,74.76,81.43,88.81,96.98,106.03,116.06,127.20,139.57,153.35,168.69,185.80,204.90,226.26,249.31,274.09,300.68,329.10,359.40,391.59,425.69,461.70,499.58,539.30,580.79,622.50,664.00,704.83,744.51,782.57,818.50,851.83,882.08,908.81,931.64,950.20,964.22,973.47
10,29684.18,28817.22,27966.45,27138.47,26122.74,25135.40,24298.16,23519.66,22750.81,22004.66,21338.74,20688.15,20053.67,19435.81,18836.78,18258.61,17698.47,17156.60,16606.34,16066.22,15518.66,14963.61,14379.58,13776.28,13164.74,12544.88,11909.16,11241.10,10565.00,9914.23,9351.56,8798.81,8309.77,7826.74,7352.09,6879.79,6408.90,5922.84,5434.12,4947.28,4444.47,3946.36,3463.14,3000.01,2562.93,2149.88,1769.10,1420.54,1106.64,829.32,590.68,391.53,232.40,113.80,36.21
10.10,10.00,11.48,13.15,15.01,17.06,19.29,21.69,24.34,27.28,30.51,34.06,37.92,42.12,46.67,51.58,56.84,62.47,68.45,74.79,81.47,88.85,97.03,106.08,116.12,127.27,139.66,153.45,168.81,185.94,205.07,226.45,249.53,274.35,300.97,329.44,359.79,392.04,426.20,462.27,500.22,540.02,581.60,623.40,664.98,705.90,745.68,783.83,819.84,853.25,883.57,910.38,933.26,951.87,965.93,975.20
11,28729.64,27903.03,27092.91,26306.05,25441.89,24608.29,23853.96,23128.62,22414.31,21718.85,21076.07,20448.76,19837.69,19243.29,18663.84,18096.64,17547.32,17016.07,16477.60,15949.32,15413.89,14871.28,14293.26,13692.28,13083.10,12465.63,11832.75,11168.15,10495.57,9841.58,9258.68,8687.06,8183.10,7687.46,7212.68,6741.08,6271.80,5793.64,5314.51,4837.48,4346.11,3859.17,3386.93,2934.09,2506.75,2102.30,1729.58,1388.30,1080.98,809.86,576.73,382.28,226.91,111.12,35.36
11.11,10.00,11.48,13.15,15.01,17.06,19.29,21.68,24.34,27.28,30.51,34.05,37.92,42.12,46.66,51.57,56.83,62.45,68.43,74.76,81.44,88.82,96.99,106.04,116.07,127.21,139.59,153.37,168.71,185.83,204.94,226.30,249.35,274.14,300.73,329.17,359.48,391.68,425.80,461.81,499.71,539.44,580.96,622.68,664.20,705.04,744.75,782.82,818.77,852.11,882.38,909.12,931.96,950.54,964.56,973.82
12,29878.28,28789.43,27703.47,26630.05,25656.95,24712.41,23898.43,23135.18,22381.58,21650.55,21001.35,20367.41,19749.50,19148.08,18562.34,17990.61,17436.67,16900.77,16365.57,15842.83,15313.08,14776.26,14203.54,13606.77,13001.88,12388.79,11761.94,11106.88,10443.91,9794.10,9205.42,8628.47,8115.70,7612.81,7136.60,6664.13,6194.61,5720.58,5246.56,4774.76,4290.43,3809.83,3344.24,2897.22,2475.83,2076.92,1709.15,1372.38,1068.74,800.49,569.84,377.47,223.91,109.41,34.76
12.12,10.00,11.48,13.15,15.01,17.05,19.28,21.68,24.34,27.27,30.50,34.04,37.90,42.09,46.64,51.53,56.79,62.40,68.37,74.70,81.36,88.73,96.88,105.91,115.93,127.04,139.40,153.14,168.45,185.52,204.57,225.88,248.86,273.57,300.07,328.40,358.60,390.68,424.66,460.53,498.26,537.82,579.14,620.67,661.98,702.62,742.12,779.99,815.75,848.91,879.01,905.60,928.31,946.78,960.72,969.93
