Month,0.0125,0.01434,0.016404,0.018694,0.021206,0.02393,0.026849,0.030074,0.033623,0.037515,0.041764,0.046384,0.051386,0.05678,0.06257,0.06876,0.075347,0.082325,0.089684,0.097408,0.105909,0.115273,0.125596,0.136986,0.149561,0.163458,0.178827,0.195837,0.214679,0.235567,0.258743,0.283548,0.310015,0.338169,0.368022,0.399577,0.432822,0.467732,0.504269,0.542379,0.581991,0.623018,0.663901,0.704243,0.743627,0.781631,0.817824,0.851783,0.883096,0.911374,0.936255,0.957414,0.974571,0.987495,0.99601
1,29396.50,28383.00,27375.72,26383.61,25449.33,24543.97,23780.88,23075.25,22381.28,21705.59,21075.98,20462.14,19864.78,19284.30,18710.18,18129.48,17566.67,17022.04,16481.31,15954.62,15420.85,14879.92,14302.08,13700.95,13091.59,12473.94,11838.21,11163.61,10481.02,9819.83,9233.61,8658.91,8156.96,7662.86,7188.21,6716.87,6248.00,5770.33,5292.14,4815.98,4326.91,3842.34,3372.09,2921.42,2495.91,2093.67,1722.84,1383.17,1077.21,806.72,574.13,380.17,225.46,110.33,35.07
1.1,10.00,11.48,13.15,15.01,17.06,19.29,21.69,24.35,27.28,30.52,34.06,37.93,42.13,46.68,51.58,56.85,62.48,68.46,74.80,81.49,88.87,97.05,106.11,116.15,127.31,139.70,153.50,168.86,186.00,205.14,226.54,249.63,274.47,301.11,329.60,359.97,392.25,426.44,462.54,500.53,540.37,581.99,623.83,665.46,706.42,746.24,784.43,820.49,853.94,884.30,911.13,934.04,952.68,966.75,976.04
2,29871.54,28758.50,27646.80,26546.50,25597.38,24677.24,23900.58,23182.07,22474.98,21786.57,21149.02,20527.19,19921.84,19333.35,18753.97,18173.15,17610.29,17065.68,16523.88,15995.43,15459.87,14917.16,14342.34,13745.72,13141.00,12528.09,11893.72,11203.88,10506.09,9825.32,9217.93,8623.30,8109.61,7606.58,7132.28,6661.55,6193.62,5720.20,5246.46,4774.90,4291.13,3811.01,3345.72,2898.89,2477.56,2078.71,1710.88,1374.16,1070.59,802.04,571.04,378.31,224.45,109.74,34.88
2.2,10.00,11.48,13.15,15.01,17.05,19.28,21.68,24.34,27.27,30.50,34.04,37.90,42.10,46.64,51.53,56.79,62.40,68.38,74.70,81.37,88.74,96.89,105.92,115.94,127.05,139.41,153.15,168.46,185.53,204.59,225.90,248.88,273.60,300.10,328.44,358.64,390.73,424.71,460.59,498.33,537.89,579.23,620.77,662.09,702.74,742.25,780.13,815.89,849.06,879.17,905.77,928.48,946.96,960.91,970.11
3,29725.20,28757.30,27799.23,26859.14,25888.13,24946.01,24156.40,23428.08,22711.13,22012.73,21362.78,20728.52,20110.73,19509.83,18918.54,18327.87,17755.29,17201.08,16649.65,16112.20,15567.39,15015.19,14430.63,13825.41,13211.92,12590.06,11949.89,11271.23,10584.50,9918.17,9321.22,8736.17,8226.70,7725.22,7246.71,6771.54,6298.86,5817.68,5336.22,4856.42,4362.53,3873.33,3398.23,2943.16,2513.59,2108.01,1734.27,1392.01,1083.98,812.03,578.15,383.05,227.26,111.24,35.34
3.3,10.00,11.48,13.15,15.01,17.06,19.29,21.69,24.35,27.29,30.52,34.06,37.93,42.14,46.69,51.60,56.87,62.50,68.49,74.83,81.52,88.91,97.09,106.16,116.21,127.37,139.78,153.59,168.97,186.13,205.29,226.72,249.83,274.70,301.38,329.91,360.33,392.65,426.90,463.06,501.11,541.02,582.72,624.64,666.35,707.40,747.30,785.57,821.71,855.23,885.66,912.55,935.51,954.19,968.30,977.61
4,30525.12,29457.11,28394.73,27347.29,26344.76,25371.42,24553.92,23799.05,23055.22,22329.93,21655.69,20997.05,20354.83,19729.51,19117.47,18513.59,17928.01,17361.06,16801.80,16257.99,15706.74,15148.01,14557.97,13946.90,13327.50,12699.69,12051.14,11352.58,10645.94,9961.16,9360.11,8771.12,8263.02,7763.90,7285.10,6809.43,6336.02,5852.71,5367.99,4885.51,4388.98,3896.81,3419.97,2962.74,2531.55,2124.23,1748.52,1404.76,1095.04,821.24,585.27,388.05,230.35,112.78,35.88
4.4,10.00,11.48,13.15,15.01,17.06,19.29,21.68,24.34,27.28,30.51,34.05,37.91,42.11,46.66,51.56,56.81,62.43,68.41,74.74,81.42,88.79,96.96,106.00,116.03,127.16,139.53,153.30,168.63,185.73,204.82,226.17,249.19,273.96,300.52,328.92,359.19,391.36,425.43,461.40,499.24,538.92,580.37,622.04,663.49,704.27,743.90,781.91,817.80,851.08,881.29,908.00,930.79,949.33,963.33,972.57
5,31161.43,30033.86,28909.74,27799.00,26763.84,25757.97,24911.92,24129.70,23358.06,22604.38,21900.85,21212.60,20540.54,19885.23,19247.42,18627.37,18025.76,17442.96,16876.19,16327.77,15771.83,15208.30,14617.14,14006.78,13388.13,12761.09,12117.05,11434.67,10744.15,10072.05,9476.08,8891.62,8386.19,7889.36,7408.75,6930.72,6454.33,5963.21,5468.93,4977.00,4469.90,3967.29,3481.24,3015.51,2576.58,2162.43,1780.29,1430.85,1116.00,837.27,596.87,395.76,234.90,115.00,36.59
5.5,10.00,11.48,13.15,15.01,17.06,19.28,21.68,24.34,27.27,30.50,34.04,37.90,42.10,46.65,51.54,56.80,62.42,68.39,74.72,81.39,88.76,96.92,105.96,115.98,127.10,139.46,153.22,168.54,185.62,204.70,226.02,249.02,273.76,300.29,328.66,358.89,391.02,425.04,460.96,498.75,538.36,579.75,621.35,662.73,703.43,743.00,780.94,816.77,849.99,880.14,906.79,929.54,948.04,962.02,971.24
6,31617.90,30453.04,29290.34,28140.16,27089.96,26069.33,25200.94,24392.22,23593.49,22814.27,22096.53,21394.02,20707.68,20038.10,19388.60,18762.62,18155.20,17566.74,17002.60,16459.69,15909.48,15351.94,14764.62,14157.07,13541.31,12917.20,12275.30,11592.65,10901.74,10230.49,9638.23,9056.88,8556.77,8063.97,7576.57,7091.41,6607.52,6104.80,5597.89,5093.53,4574.29,4059.82,3562.31,3085.76,2636.56,2212.75,1821.70,1464.17,1142.06,856.84,610.80,404.94,240.30,117.60,37.40
6.6,10.00,11.48,13.15,15.01,17.06,19.28,21.68,24.34,27.27,30.50,34.04,37.91,42.11,46.65,51.55,56.81,62.43,68.40,74.73,81.40,88.78,96.94,105.98,116.00,127.13,139.50,153.26,168.58,185.67,204.76,226.09,249.11,273.86,300.40,328.79,359.04,391.19,425.23,461.17,498.99,538.63,580.05,621.68,663.09,703.84,743.44,781.42,817.27,850.52,880.70,907.38,930.15,948.67,962.66,971.89
7,31673.50,30511.32,29351.60,28204.66,27157.00,26139.11,25269.95,24458.82,23657.71,22875.12,22148.15,21436.28,20740.46,20061.31,19403.23,18771.00,18157.35,17562.68,17005.69,16474.34,15936.08,15390.83,14819.12,14229.24,13631.50,13025.69,12393.51,11691.36,10980.88,10302.51,9740.85,9188.12,8699.70,8216.17,7718.65,7223.52,6729.77,6215.62,5697.18,5181.72,4652.97,4129.26,3623.55,3139.63,2683.28,2253.01,1855.65,1491.95,1164.00,873.38,622.60,412.68,244.82,119.77,38.09
7.7,10.00,11.48,13.15,15.01,17.06,19.28,21.68,24.34,27.27,30.51,34.05,37.91,42.11,46.65,51.55,56.81,62.43,68.41,74.74,81.41,88.79,96.95,105.99,116.02,127.15,139.52,153.28,168.61,185.71,204.80,226.14,249.16,273.92,300.48,328.87,359.14,391.30,425.36,461.32,499.15,538.82,580.26,621.91,663.35,704.11,743.74,781.74,817.61,850.88,881.09,907.78,930.56,949.10,963.09,972.33
8,31265.91,30144.59,29027.35,27924.05,26895.41,25896.46,25045.35,24252.39,23469.80,22706.03,21998.19,21305.67,20629.38,19969.89,19326.32,18696.90,18086.00,17494.00,16929.34,16386.90,15837.16,15280.04,14691.44,14081.61,13463.51,12837.03,12195.51,11522.67,10841.62,10193.59,9666.82,9147.19,8668.03,8192.55,7698.42,7206.46,6715.67,6203.20,5685.84,5171.44,4643.13,4119.89,3614.77,3131.45,2675.83,2246.02,1849.33,1486.38,1159.23,869.61,619.86,410.98,243.92,119.40,37.98
8.8,10.00,11.48,13.15,15.01,17.06,19.28,21.68,24.34,27.27,30.50,34.04,37.91,42.10,46.65,51.55,56.81,62.42,68.40,74.73,81.40,88.77,96.93,105.97,116.00,127.12,139.49,153.25,168.57,185.66,204.74,226.08,249.09,273.84,300.38,328.76,359.01,391.15,425.19,461.12,498.93,538.57,579.99,621.61,663.01,703.75,743.35,781.31,817.16,850.40,880.58,907.25,930.01,948.53,962.51,971.74
9,30432.44,29406.34,28388.21,27386.78,26372.38,25386.91,24561.36,23799.83,23049.08,22317.12,21638.47,20975.28,20328.38,19698.28,19082.32,18476.65,17889.26,17320.45,16765.39,16227.79,15682.94,15130.75,14536.91,13916.72,13288.01,12650.73,12004.34,11347.40,10682.36,10049.47,9526.95,9011.65,8538.55,8068.50,7584.25,7101.92,6620.47,6117.16,5609.45,5104.25,4582.83,4066.79,3567.44,3089.50,2638.91,2213.89,1821.99,1463.40,1140.44,855.03,609.24,403.96,239.83,117.45,37.37
9.9,10.00,11.48,13.15,15.01,17.06,19.29,21.68,24.34,27.28,30.51,34.05,37.92,42.12,46.67,51.57,56.83,62.46,68.44,74.77,81.45,88.83,97.00,106.05,116.09,127.23,139.62,153.40,168.75,185.87,204.99,226.36,249.42,274.23,300.83,329.28,359.60,391.82,425.96,461.99,499.91,539.67,581.22,622.97,664.51,705.39,745.12,783.22,819.20,852.57,882.86,909.63,932.48,951.07,965.11,974.38
10,29550.80,28577.96,27614.35,26668.18,25688.68,24737.58,23950.69,23230.82,22522.36,21831.35,21183.30,20550.76,19934.50,19334.96,18745.60,18157.88,17588.10,17036.55,16488.96,15955.36,15414.47,14866.22,14280.36,13670.26,13051.76,12424.84,11794.39,11171.34,10540.31,9929.55,9395.28,8869.21,8388.00,7911.54,7431.98,6954.77,6478.96,5985.29,5488.21,4993.65,4483.79,3979.04,3490.45,3022.60,2581.57,2165.18,1781.42,1430.52,1114.63,835.56,595.29,394.68,234.32,114.76,36.52
10.10,10.00,11.48,13.15,15.01,17.06,19.29,21.68,24.34,27.28,30.51,34.05,37.92,42.12,46.66,51.57,56.83,62.45,68.43,74.76,81.44,88.82,96.99,106.03,116.07,127.21,139.59,153.36,168.71,185.82,204.93,226.30,249.34,274.14,300.72,329.16,359.46,391.67,425.78,461.79,499.68,539.42,580.93,622.65,664.16,705.01,744.71,782.78,818.72,852.06,882.32,909.07,931.91,950.48,964.50,973.76
11,29297.33,28315.66,27341.94,26384.69,25443.81,24531.68,23766.61,23061.02,22367.06,21692.14,21067.48,20458.68,19866.46,19291.16,18718.38,18130.71,17560.94,17009.37,16462.80,15930.72,15391.37,14844.68,14254.81,13638.43,13013.51,12380.05,11742.51,11109.97,10469.47,9849.72,9301.73,8762.92,8273.04,7788.73,7311.63,6837.34,6364.99,5879.39,5392.23,4906.96,4406.88,3911.75,3431.50,2971.70,2537.95,2128.87,1751.77,1406.54,1095.73,821.13,584.82,387.59,230.02,112.62,35.81
11.11,10.00,11.48,13.15,15.01,17.06,19.29,21.69,24.35,27.28,30.52,34.06,37.93,42.13,46.69,51.59,56.86,62.49,68.47,74.82,81.50,88.89,97.07,106.13,116.18,127.34,139.74,153.54,168.92,186.07,205.22,226.63,249.74,274.59,301.25,329.76,360.15,392.46,426.68,462.81,500.83,540.70,582.36,624.24,665.92,706.92,746.78,785.01,821.11,854.60,884.99,911.86,934.79,953.45,967.54,976.84
12,29633.04,28561.32,27492.71,26436.91,25491.67,24575.18,23794.79,23068.36,22352.79,21656.76,21017.58,20393.85,19786.35,19195.47,18613.90,18032.35,17468.62,16922.98,16384.76,15861.66,15331.52,14794.29,14218.73,13619.11,13011.29,12395.18,11766.53,11116.16,10457.84,9819.16,9250.78,8692.87,8195.56,7705.28,7229.55,6756.99,6286.75,5806.38,5325.12,4845.94,4353.11,3864.95,3391.45,2937.82,2509.64,2105.02,1732.06,1390.56,1083.02,811.25,577.50,382.50,226.87,111.02,35.30
12.12,10.00,11.48,13.15,15.01,17.06,19.29,21.69,24.35,27.28,30.52,34.06,37.92,42.13,46.68,51.58,56.85,62.47,68.46,74.80,81.48,88.87,97.04,106.10,116.15,127.30,139.69,153.49,168.85,185.99,205.13,226.53,249.61,274.45,301.09,329.57,359.94,392.21,426.40,462.49,500.47,540.30,581.92,623.75,665.37,706.32,746.14,784.32,820.37,853.81,884.16,910.99,933.89,952.53,966.60,975.88
