Month,0.0125,0.01434,0.016404,0.018694,0.021206,0.02393,0.026849,0.030074,0.033623,0.037515,0.041764,0.046384,0.051386,0.05678,0.06257,0.06876,0.075347,0.082325,0.089684,0.097408,0.105909,0.115273,0.125596,0.136986,0.149561,0.163458,0.178827,0.195837,0.214679,0.235567,0.258743,0.283548,0.310015,0.338169,0.368022,0.399577,0.432822,0.467732,0.504269,0.542379,0.581991,0.623018,0.663901,0.704243,0.743627,0.781631,0.817824,0.851783,0.883096,0.911374,0.936255,0.957414,0.974571,0.987495,0.99601
1,28960.16,28047.80,27147.25,26266.43,25418.50,24601.54,23831.27,23074.40,22327.33,21597.98,20921.68,20259.90,19613.51,18983.06,18381.90,17826.57,17288.87,16768.97,16249.88,15743.01,15229.56,14709.48,14157.68,13584.30,13003.25,12414.35,11801.56,11122.73,10436.01,9758.32,9128.85,8513.62,7990.10,7479.13,7007.74,6540.42,6076.38,5611.28,5147.23,4685.21,4212.14,3742.26,3286.76,2848.98,2435.90,2043.95,1682.42,1351.11,1052.14,787.40,560.04,370.60,219.61,107.07,33.95
1.1,10.00,11.48,13.15,15.01,17.05,19.28,21.68,24.33,27.27,30.50,34.03,37.89,42.09,46.63,51.53,56.78,62.39,68.36,74.69,81.35,88.72,96.87,105.90,115.91,127.02,139.37,153.11,168.41,185.47,204.52,225.81,248.78,273.48,299.97,328.28,358.46,390.53,424.48,460.33,498.03,537.56,578.86,620.35,661.63,702.24,741.71,779.55,815.28,848.41,878.48,905.05,927.74,946.19,960.12,969.32
2,29831.39,28816.48,27808.92,26817.68,25902.06,25016.76,24214.37,23441.22,22677.83,21932.05,21238.06,20558.62,19894.65,19246.71,18625.19,18042.37,17477.39,16930.54,16392.19,15869.14,15339.07,14801.94,14238.34,13656.48,13066.79,12469.11,11849.60,11174.53,10491.50,9816.66,9184.26,8566.12,8033.99,7514.14,7037.99,6566.15,6097.90,5630.54,5165.00,4701.49,4226.46,3754.97,3297.49,2858.05,2443.16,2049.39,1686.39,1353.65,1053.66,788.33,560.61,370.94,219.82,107.48,34.17
2.2,10.00,11.48,13.15,15.01,17.06,19.28,21.68,24.34,27.27,30.50,34.04,37.91,42.10,46.65,51.55,56.81,62.42,68.40,74.73,81.40,88.77,96.93,105.97,115.99,127.12,139.49,153.24,168.57,185.66,204.74,226.07,249.08,273.83,300.37,328.75,359.00,391.13,425.17,461.11,498.91,538.55,579.96,621.58,662.98,703.71,743.31,781.27,817.11,850.36,880.53,907.19,929.96,948.48,962.46,971.69
3,30172.31,29190.65,28219.14,27266.39,26354.59,25474.06,24646.04,23832.54,23027.89,22244.27,21535.44,20841.22,20162.56,19500.06,18867.37,18280.37,17711.43,17160.83,16614.06,16081.32,15541.38,14994.18,14419.59,13826.50,13225.38,12616.11,11982.81,11289.68,10588.49,9899.15,9260.34,8635.96,8102.82,7581.49,7102.12,6627.00,6155.40,5683.22,5212.61,4744.16,4263.16,3786.37,3323.67,2879.82,2460.84,2064.44,1698.94,1364.11,1062.42,795.68,566.38,375.13,222.47,108.84,34.61
3.3,10.00,11.48,13.15,15.01,17.06,19.29,21.68,24.34,27.28,30.51,34.05,37.92,42.12,46.67,51.57,56.83,62.45,68.43,74.77,81.45,88.83,97.00,106.05,116.08,127.22,139.61,153.39,168.73,185.85,204.97,226.34,249.39,274.19,300.79,329.23,359.54,391.76,425.88,461.91,499.82,539.57,581.10,622.84,664.37,705.23,744.95,783.04,819.01,852.36,882.64,909.40,932.25,950.83,964.86,974.13
4,31175.61,30061.89,28952.43,27857.26,26877.47,25928.43,25049.41,24191.40,23341.17,22514.63,21783.30,21066.43,20365.01,19679.71,19026.27,18423.27,17838.49,17272.25,16711.80,16166.18,15613.00,15052.22,14466.79,13864.12,13253.26,12634.11,11994.57,11306.53,10610.43,9926.39,9294.93,8677.40,8150.56,7634.96,7157.00,6682.83,6211.68,5736.66,5262.11,4789.66,4304.21,3822.86,3356.26,2908.72,2486.26,2086.78,1718.12,1380.65,1076.49,807.44,575.49,381.55,226.45,110.84,35.26
4.4,10.00,11.48,13.15,15.01,17.06,19.29,21.68,24.34,27.28,30.51,34.05,37.91,42.11,46.66,51.56,56.82,62.44,68.42,74.75,81.43,88.81,96.97,106.02,116.05,127.19,139.56,153.33,168.67,185.78,204.88,226.24,249.28,274.06,300.63,329.05,359.34,391.53,425.62,461.61,499.48,539.19,580.68,622.38,663.86,704.67,744.35,782.39,818.31,851.62,881.86,908.59,931.40,949.96,963.98,973.23
5,31818.16,30666.34,29517.79,28382.87,27352.08,26351.74,25429.11,24529.59,23636.80,22770.54,22018.75,21281.25,20559.11,19853.01,19180.30,18560.72,17959.49,17376.98,16800.21,16238.61,15668.98,15091.30,14487.28,13865.30,13234.74,12595.56,11944.86,11276.26,10599.60,9942.24,9354.12,8777.35,8275.24,7780.61,7305.31,6832.70,6361.87,5879.15,5394.76,4911.97,4413.86,3920.18,3441.14,2982.00,2548.46,2139.11,1761.30,1415.58,1104.07,828.41,590.58,391.61,232.44,113.78,36.17
5.5,10.00,11.48,13.15,15.01,17.06,19.29,21.69,24.35,27.28,30.52,34.06,37.93,42.13,46.68,51.58,56.85,62.48,68.46,74.80,81.48,88.87,97.05,106.11,116.15,127.30,139.70,153.50,168.86,186.00,205.14,226.54,249.63,274.47,301.11,329.60,359.97,392.24,426.43,462.53,500.52,540.36,581.98,623.82,665.45,706.41,746.23,784.41,820.47,853.92,884.28,911.11,934.02,952.65,966.73,976.01
6,32294.61,31123.22,29955.19,28800.88,27739.54,26708.79,25758.35,24831.59,23911.09,23018.24,22250.79,21497.66,20759.91,20038.29,19351.22,18720.77,18108.85,17515.87,16938.27,16378.98,15811.84,15236.81,14641.18,14030.41,13411.32,12783.84,12138.09,11450.54,10754.84,10076.60,9469.07,8873.72,8372.08,7878.99,7404.39,6931.82,6460.31,5972.31,5480.53,4990.57,4484.65,3982.88,3496.82,3030.68,2590.80,2175.44,1791.83,1440.77,1124.24,843.79,601.70,399.02,236.83,115.91,36.87
6.6,10.00,11.48,13.15,15.01,17.06,19.28,21.68,24.34,27.27,30.51,34.05,37.91,42.11,46.65,51.55,56.81,62.43,68.41,74.74,81.41,88.79,96.95,105.99,116.02,127.15,139.52,153.29,168.62,185.72,204.81,226.15,249.18,273.94,300.50,328.90,359.17,391.33,425.39,461.36,499.19,538.87,580.31,621.97,663.41,704.18,743.82,781.82,817.70,850.98,881.18,907.88,930.67,949.21,963.20,972.44
7,32386.50,31207.75,30031.97,28869.72,27809.02,26779.03,25825.68,24894.17,23968.80,23070.71,22294.60,21532.65,20785.95,20055.26,19360.91,18726.51,18110.64,17513.71,16939.70,16386.46,15825.56,15256.94,14673.36,14078.00,13474.63,12863.09,12230.90,11550.66,10862.17,10194.44,9602.59,9021.72,8523.92,8032.45,7550.23,7069.92,6590.52,6091.83,5589.28,5088.69,4572.05,4060.13,3564.01,3088.59,2639.82,2216.20,1825.09,1467.15,1144.48,858.71,612.11,405.74,240.71,117.78,37.46
7.7,10.00,11.48,13.15,15.01,17.06,19.29,21.68,24.34,27.28,30.51,34.05,37.92,42.12,46.67,51.58,56.84,62.46,68.45,74.78,81.46,88.85,97.02,106.07,116.11,127.26,139.65,153.43,168.79,185.92,205.04,226.42,249.49,274.31,300.92,329.38,359.72,391.96,426.12,462.17,500.12,539.90,581.47,623.25,664.82,705.73,745.49,783.62,819.63,853.02,883.33,910.12,932.99,951.60,965.65,974.92
8,31958.70,30820.25,29686.38,28567.14,27527.16,26517.83,25586.96,24679.46,23778.67,22904.63,22147.85,21405.46,20678.53,19967.75,19291.97,18673.41,18073.33,17492.07,16923.41,16372.04,15813.06,15246.42,14662.73,14066.06,13461.35,12848.46,12212.85,11521.28,10821.50,10144.92,9554.10,8974.31,8481.53,7995.31,7513.99,7034.70,6556.46,6059.92,5559.51,5061.19,4547.40,4038.16,3544.97,3072.31,2626.18,2204.94,1815.97,1459.84,1138.73,854.37,609.07,403.86,239.72,117.36,37.34
8.8,10.00,11.48,13.15,15.01,17.06,19.29,21.68,24.34,27.28,30.51,34.05,37.91,42.12,46.66,51.56,56.83,62.45,68.43,74.76,81.44,88.82,96.98,106.03,116.06,127.20,139.58,153.36,168.70,185.81,204.92,226.28,249.33,274.12,300.70,329.13,359.44,391.64,425.74,461.75,499.64,539.37,580.87,622.59,664.10,704.93,744.63,782.69,818.63,851.97,882.22,908.96,931.79,950.36,964.39,973.64
9,31046.35,30028.08,29019.72,28029.91,27017.11,26034.54,25140.35,24275.07,23417.40,22584.43,21852.27,21134.64,20432.54,19746.61,19093.18,18491.21,17907.50,17342.39,16778.13,16227.22,15668.63,15102.31,14522.00,13930.44,13330.91,12723.26,12091.01,11397.74,10696.34,10017.92,9422.00,8837.69,8342.96,7855.33,7380.59,6908.05,6436.73,5949.84,5459.96,4971.87,4467.91,3968.39,3483.96,3019.50,2580.94,2166.58,1784.07,1433.60,1117.64,838.17,597.41,396.24,235.30,115.25,36.68
9.9,10.00,11.48,13.15,15.01,17.06,19.29,21.68,24.34,27.28,30.51,34.05,37.92,42.12,46.67,51.57,56.84,62.46,68.44,74.78,81.46,88.84,97.01,106.06,116.10,127.25,139.64,153.42,168.77,185.90,205.02,226.40,249.46,274.28,300.89,329.34,359.68,391.91,426.05,462.10,500.04,539.81,581.37,623.14,664.70,705.60,745.35,783.47,819.46,852.84,883.15,909.93,932.79,951.39,965.44,974.71
10,30120.92,29210.48,28314.65,27440.93,26491.39,25572.58,24727.46,23906.14,23093.53,22301.55,21583.65,20880.24,20192.30,19520.45,18882.14,18298.48,17732.90,17185.67,16631.29,16087.15,15535.46,14976.18,14393.56,13794.27,13186.85,12571.19,11936.36,11255.81,10567.24,9896.69,9299.47,8714.24,8207.26,7709.53,7233.88,6761.36,6291.11,5811.79,5331.12,4852.56,4360.26,3872.01,3398.87,2944.93,2516.75,2111.89,1738.41,1396.53,1088.41,816.11,581.59,385.71,229.05,112.19,35.70
10.10,10.00,11.48,13.15,15.01,17.06,19.28,21.68,24.34,27.27,30.50,34.04,37.91,42.10,46.65,51.55,56.81,62.42,68.40,74.73,81.40,88.78,96.94,105.97,116.00,127.13,139.49,153.25,168.58,185.67,204.75,226.09,249.10,273.85,300.39,328.78,359.03,391.17,425.21,461.15,498.96,538.61,580.03,621.65,663.06,703.80,743.40,781.37,817.22,850.47,880.65,907.32,930.09,948.61,962.60,971.83
11,29740.74,28768.82,27806.73,26863.01,25976.06,25120.23,24324.65,23548.18,22781.52,22031.92,21330.70,20644.00,19972.74,19317.51,18694.05,18121.25,17566.36,17029.61,16488.79,15959.09,15422.21,14878.12,14309.89,13724.74,13131.69,12530.63,11907.09,11226.43,10537.77,9863.85,9252.36,8653.78,8135.56,7627.76,7149.22,6674.57,6203.05,5727.64,5252.71,4780.07,4294.97,3813.96,3347.80,2900.60,2478.82,2080.33,1712.65,1376.03,1072.58,803.96,572.64,379.43,225.11,110.19,35.05
11.11,10.00,11.48,13.15,15.01,17.06,19.28,21.68,24.34,27.27,30.50,34.04,37.91,42.11,46.65,51.55,56.81,62.43,68.41,74.74,81.41,88.78,96.94,105.98,116.01,127.14,139.51,153.27,168.60,185.69,204.78,226.12,249.14,273.89,300.44,328.83,359.09,391.25,425.30,461.25,499.07,538.73,580.16,621.80,663.23,703.98,743.60,781.59,817.45,850.71,880.90,907.59,930.37,948.89,962.89,972.12
12,29784.21,28759.17,27740.71,26737.96,25826.84,24945.99,24138.23,23354.89,22580.78,21825.56,21131.98,20452.81,19788.96,19141.01,18524.86,17959.60,17412.08,16882.53,16351.89,15833.22,15307.64,14775.11,14217.37,13642.18,13059.27,12468.49,11854.25,11179.19,10496.17,9825.54,9209.97,8607.63,8087.02,7577.29,7100.77,6628.24,6158.93,5686.81,5215.49,4746.40,4264.64,3786.94,3323.86,2879.56,2460.56,2064.50,1699.22,1364.57,1062.88,795.81,566.28,374.90,222.25,108.70,34.56
12.12,10.00,11.48,13.15,15.01,17.06,19.28,21.68,24.34,27.27,30.50,34.04,37.91,42.11,46.65,51.55,56.81,62.43,68.41,74.74,81.41,88.78,96.94,105.98,116.01,127.14,139.51,153.27,168.60,185.69,204.78,226.12,249.14,273.89,300.45,328.83,359.09,391.25,425.30,461.25,499.07,538.73,580.17,621.81,663.23,703.99,743.60,781.59,817.45,850.72,880.91,907.59,930.37,948.90,962.89,972.12
