Month,0.0125,0.01434,0.016404,0.018694,0.021206,0.02393,0.026849,0.030074,0.033623,0.037515,0.041764,0.046384,0.051386,0.05678,0.06257,0.06876,0.075347,0.082325,0.089684,0.097408,0.105909,0.115273,0.125596,0.136986,0.149561,0.163458,0.178827,0.195837,0.214679,0.235567,0.258743,0.283548,0.310015,0.338169,0.368022,0.399577,0.432822,0.467732,0.504269,0.542379,0.581991,0.623018,0.663901,0.704243,0.743627,0.781631,0.817824,0.851783,0.883096,0.911374,0.936255,0.957414,0.974571,0.987495,0.99601
1,29197.22,28296.64,27409.17,26542.82,25762.45,25015.29,24273.63,23527.73,22792.78,22069.69,21359.57,20663.82,19983.40,19318.92,18686.55,18106.31,17543.97,16999.80,16463.25,15941.62,15413.07,14877.54,14315.40,13734.65,13146.10,12549.62,11930.84,11252.73,10566.63,9883.69,9229.10,8589.93,8042.62,7509.24,7026.96,6549.65,6076.63,5607.13,5140.61,4676.59,4202.44,3731.97,3276.26,2838.72,2426.16,2035.51,1675.26,1345.21,1047.49,783.69,557.20,368.47,218.19,106.22,33.64
1.1,10.00,11.48,13.15,15.01,17.05,19.28,21.68,24.34,27.27,30.50,34.04,37.90,42.09,46.64,51.53,56.79,62.40,68.37,74.70,81.36,88.73,96.88,105.91,115.93,127.04,139.39,153.14,168.44,185.51,204.57,225.87,248.84,273.56,300.05,328.38,358.58,390.66,424.63,460.50,498.22,537.78,579.10,620.62,661.93,702.56,742.06,779.93,815.68,848.83,878.93,905.52,928.22,946.69,960.63,969.84
2,30221.85,29143.76,28069.77,27010.00,26139.40,25300.55,24508.47,23729.48,22960.46,22205.34,21479.16,20767.09,20070.14,19388.96,18743.41,18156.15,17586.82,17035.72,16497.16,15975.41,15446.74,14911.09,14351.92,13776.77,13193.91,12603.16,11984.22,11294.50,10596.72,9905.06,9244.93,8600.46,8058.97,7530.07,7049.36,6573.34,6101.32,5632.14,5165.57,4700.94,4225.09,3753.30,3294.81,2855.05,2439.47,2045.77,1683.00,1350.27,1050.58,785.82,558.65,369.56,218.94,107.03,33.95
2.2,10.00,11.48,13.15,15.01,17.06,19.29,21.69,24.35,27.28,30.52,34.06,37.93,42.13,46.68,51.59,56.85,62.48,68.47,74.81,81.49,88.88,97.06,106.12,116.16,127.32,139.72,153.52,168.89,186.03,205.17,226.58,249.68,274.52,301.17,329.67,360.05,392.34,426.54,462.65,500.65,540.50,582.14,624.00,665.65,706.63,746.47,784.67,820.75,854.21,884.58,911.43,934.35,952.99,967.07,976.37
3,30036.18,29067.41,28109.26,27170.45,26325.86,25514.02,24717.00,23918.39,23129.33,22356.62,21628.67,20915.03,20216.69,19534.30,18886.22,18293.82,17719.49,17163.53,16616.93,16086.22,15548.37,15003.33,14434.99,13850.52,13258.18,12657.83,12031.03,11337.19,10635.27,9941.49,9286.63,8647.04,8104.24,7574.08,7090.21,6611.10,6136.05,5663.47,5193.49,4725.80,4246.22,3770.99,3309.81,2867.58,2450.15,2055.48,1691.58,1358.17,1057.75,791.95,563.51,373.04,221.13,108.14,34.38
3.3,10.00,11.48,13.15,15.01,17.06,19.29,21.68,24.34,27.28,30.51,34.05,37.92,42.12,46.67,51.57,56.84,62.46,68.44,74.78,81.46,88.84,97.02,106.07,116.11,127.25,139.64,153.43,168.78,185.91,205.03,226.41,249.48,274.29,300.90,329.36,359.70,391.94,426.08,462.14,500.07,539.85,581.42,623.20,664.76,705.66,745.42,783.54,819.54,852.93,883.24,910.02,932.89,951.49,965.54,974.81
4,31136.57,30043.01,28954.79,27881.85,26929.96,26009.53,25133.17,24265.99,23406.33,22568.75,21817.37,21080.01,20357.75,19651.28,18982.76,18377.85,17791.11,17222.86,16665.81,16125.40,15577.56,15022.25,14444.31,13850.54,13248.73,12638.76,12008.02,11329.13,10642.15,9965.66,9334.38,8716.92,8181.44,7657.16,7171.48,6690.25,6212.74,5735.55,5260.28,4787.15,4302.00,3821.11,3354.49,2907.09,2484.50,2084.69,1715.92,1378.30,1074.16,805.29,573.68,380.17,225.55,110.36,35.09
4.4,10.00,11.48,13.15,15.01,17.06,19.29,21.69,24.34,27.28,30.51,34.06,37.92,42.12,46.67,51.58,56.84,62.47,68.45,74.79,81.47,88.86,97.03,106.08,116.13,127.27,139.67,153.45,168.81,185.94,205.07,226.46,249.54,274.36,300.99,329.46,359.81,392.06,426.23,462.30,500.25,540.06,581.64,623.45,665.04,705.96,745.74,783.89,819.91,853.32,883.65,910.46,933.34,951.96,966.02,975.29
5,31721.35,30599.52,29482.81,28381.19,27377.08,26404.18,25488.22,24586.25,23691.07,22820.23,22053.60,21301.02,20563.58,19842.03,19157.88,18537.16,17934.80,17351.16,16780.52,16227.23,15666.19,15097.36,14504.65,13894.92,13276.89,12650.46,12006.52,11323.04,10631.49,9956.92,9352.13,8759.64,8249.39,7748.58,7271.88,6798.19,6326.62,5845.47,5362.78,4882.08,4386.99,3895.94,3420.01,2963.35,2532.58,2125.45,1749.78,1406.30,1096.84,822.93,586.66,389.01,230.90,113.03,35.96
5.5,10.00,11.48,13.15,15.01,17.06,19.28,21.68,24.34,27.27,30.50,34.04,37.91,42.11,46.65,51.55,56.81,62.43,68.40,74.73,81.41,88.78,96.94,105.98,116.01,127.13,139.50,153.26,168.59,185.68,204.77,226.11,249.12,273.88,300.43,328.81,359.07,391.22,425.27,461.22,499.04,538.69,580.12,621.76,663.18,703.93,743.54,781.52,817.38,850.64,880.82,907.50,930.28,948.81,962.79,972.03
6,32364.22,31184.57,30007.82,28844.61,27807.55,26801.75,25853.34,24918.13,23988.98,23086.03,22299.87,21527.64,20770.47,20029.16,19327.55,18693.64,18078.24,17481.74,16908.56,16356.26,15796.31,15228.66,14641.92,14041.11,13432.17,12814.98,12175.12,11480.38,10777.45,10091.38,9470.63,8862.80,8356.63,7859.05,7385.04,6913.13,6442.34,5956.29,5467.14,4979.59,4475.01,3974.81,3489.47,3023.93,2584.58,2170.03,1787.22,1436.95,1121.19,841.40,599.87,397.67,235.95,115.45,36.72
6.6,10.00,11.48,13.15,15.01,17.06,19.29,21.68,24.34,27.28,30.51,34.05,37.92,42.12,46.67,51.57,56.83,62.46,68.44,74.77,81.45,88.83,97.00,106.05,116.09,127.23,139.62,153.40,168.75,185.87,204.99,226.36,249.42,274.23,300.83,329.28,359.60,391.83,425.96,462.00,499.92,539.68,581.22,622.98,664.52,705.40,745.13,783.23,819.21,852.58,882.87,909.64,932.49,951.09,965.12,974.39
7,32458.53,31276.66,30097.84,28932.77,27908.57,26916.16,25969.10,25029.88,24096.77,23188.59,22390.64,21606.49,20837.31,20083.94,19371.95,18732.13,18110.86,17508.57,16933.34,16380.32,15819.64,15251.27,14674.71,14090.08,13497.65,12897.22,12272.74,11586.50,10892.00,10206.64,9566.05,8939.27,8426.16,7922.87,7446.45,6971.99,6498.50,6008.84,5515.44,5023.63,4515.34,4011.06,3522.16,3053.02,2610.22,2192.23,1806.02,1452.45,1133.53,850.74,606.59,402.15,238.64,116.79,37.15
7.7,10.00,11.48,13.15,15.01,17.06,19.29,21.68,24.34,27.28,30.51,34.05,37.91,42.11,46.66,51.56,56.82,62.44,68.42,74.75,81.42,88.80,96.96,106.00,116.03,127.17,139.54,153.31,168.64,185.74,204.84,226.19,249.22,273.99,300.56,328.96,359.24,391.41,425.49,461.47,499.32,539.00,580.47,622.14,663.60,704.39,744.04,782.06,817.96,851.25,881.47,908.18,930.98,949.53,963.53,972.78
8,32028.59,30888.54,29753.09,28632.47,27619.54,26638.06,25711.53,24797.82,23890.78,23008.35,22230.88,21467.44,20719.15,19986.78,19292.80,18663.66,18052.98,17461.17,16887.79,16333.68,15771.84,15202.25,14630.74,14054.61,13470.82,12879.17,12265.99,11600.80,10927.32,10256.54,9609.77,8977.05,8459.03,7950.50,7468.97,6989.76,6511.91,6018.78,5522.72,5028.57,4519.03,4013.89,3524.24,3054.76,2611.46,2192.66,1805.92,1451.72,1132.32,849.47,605.50,401.42,238.22,116.61,37.09
8.8,10.00,11.48,13.15,15.01,17.06,19.29,21.68,24.34,27.28,30.51,34.05,37.92,42.12,46.67,51.57,56.83,62.45,68.44,74.77,81.45,88.83,97.00,106.05,116.09,127.23,139.61,153.39,168.74,185.86,204.98,226.35,249.41,274.21,300.81,329.26,359.58,391.80,425.93,461.96,499.87,539.63,581.17,622.92,664.45,705.32,745.05,783.15,819.12,852.48,882.77,909.54,932.39,950.97,965.01,974.27
9,31054.82,30051.51,29059.15,28086.29,27106.24,26157.41,25270.99,24402.01,23540.75,22701.11,21945.25,21203.52,20476.98,19766.37,19093.92,18486.28,17896.93,17326.18,16762.34,16213.73,15657.51,15093.63,14523.19,13945.62,13360.36,12767.19,12151.41,11478.67,10797.76,10122.02,9478.57,8849.30,8325.35,7812.20,7333.67,6857.97,6384.19,5900.52,5415.19,4931.56,4432.42,3937.30,3457.17,2996.46,2561.54,2150.36,1770.77,1423.12,1109.67,832.33,593.30,393.50,233.67,114.44,36.42
9.9,10.00,11.48,13.15,15.01,17.06,19.29,21.68,24.34,27.28,30.51,34.05,37.91,42.11,46.66,51.56,56.82,62.44,68.42,74.75,81.42,88.80,96.97,106.01,116.04,127.18,139.55,153.32,168.66,185.76,204.86,226.21,249.25,274.02,300.60,329.01,359.29,391.47,425.56,461.54,499.40,539.10,580.58,622.26,663.73,704.53,744.20,782.23,818.14,851.44,881.67,908.39,931.20,949.75,963.76,973.00
10,29969.95,29089.05,28224.05,27382.10,26452.34,25553.56,24719.14,23904.40,23098.55,22310.69,21579.23,20861.88,20159.67,19473.27,18825.39,18241.62,17675.85,17128.35,16579.41,16043.04,15499.31,14948.19,14378.97,13796.62,13206.41,12608.20,11985.84,11306.79,10619.64,9947.09,9328.16,8722.36,8209.37,7705.06,7228.75,6755.67,6284.98,5806.13,5326.92,4849.19,4358.01,3871.09,3398.09,2944.76,2516.38,2111.44,1737.94,1395.63,1087.26,814.71,580.22,384.56,228.23,111.74,35.52
10.10,10.00,11.48,13.15,15.01,17.06,19.29,21.69,24.35,27.29,30.52,34.06,37.93,42.14,46.69,51.60,56.87,62.50,68.49,74.83,81.52,88.91,97.09,106.16,116.21,127.37,139.78,153.59,168.97,186.13,205.29,226.72,249.84,274.71,301.38,329.91,360.33,392.66,426.91,463.07,501.12,541.03,582.73,624.65,666.37,707.41,747.32,785.59,821.73,855.24,885.67,912.57,935.53,954.21,968.32,977.63
11,29255.87,28357.52,27472.35,26608.18,25765.73,24954.98,24186.76,23430.33,22684.25,21952.27,21248.92,20559.90,19886.13,19228.23,18607.05,18046.85,17504.45,16980.06,16451.71,15934.62,15410.73,14879.98,14320.10,13741.06,13154.24,12559.48,11938.72,11252.50,10558.24,9876.33,9245.11,8627.93,8103.19,7589.39,7113.74,6641.91,6173.14,5701.58,5230.84,4761.98,4279.88,3801.91,3337.67,2892.27,2471.61,2073.46,1706.35,1369.87,1066.68,798.58,568.19,376.14,222.99,109.08,34.68
11.11,10.00,11.48,13.15,15.01,17.06,19.29,21.69,24.34,27.28,30.51,34.05,37.92,42.12,46.67,51.58,56.84,62.46,68.45,74.79,81.47,88.85,97.02,106.08,116.12,127.26,139.65,153.44,168.80,185.93,205.05,226.44,249.51,274.33,300.94,329.41,359.75,392.00,426.15,462.22,500.16,539.95,581.53,623.32,664.90,705.81,745.58,783.71,819.73,853.12,883.44,910.24,933.11,951.72,965.78,975.05
12,29394.70,28420.58,27455.46,26508.09,25680.41,24884.71,24127.65,23381.04,22645.12,21921.54,21214.98,20522.67,19845.58,19184.32,18557.33,17988.04,17436.53,16903.06,16377.99,15867.90,15351.21,14827.85,14278.73,13711.36,13136.47,12553.84,11947.00,11271.39,10587.79,9905.92,9248.94,8607.48,8055.11,7517.41,7034.81,6557.47,6084.37,5615.62,5150.00,4686.61,4212.87,3742.34,3286.58,2848.61,2435.53,2043.65,1682.18,1350.87,1051.73,786.98,559.64,370.25,219.37,106.98,33.92
12.12,10.00,11.48,13.15,15.01,17.05,19.28,21.68,24.33,27.27,30.49,34.03,37.89,42.08,46.63,51.52,56.77,62.38,68.35,74.67,81.33,88.69,96.84,105.86,115.87,126.98,139.32,153.05,168.34,185.39,204.43,225.70,248.65,273.33,299.80,328.09,358.24,390.27,424.19,460.00,497.66,537.15,578.39,619.84,661.07,701.62,741.04,778.83,814.51,847.59,877.62,904.16,926.81,945.23,959.15,968.33
