Month,0.0125,0.01434,0.016404,0.018694,0.021206,0.02393,0.026849,0.030074,0.033623,0.037515,0.041764,0.046384,0.051386,0.05678,0.06257,0.06876,0.075347,0.082325,0.089684,0.097408,0.105909,0.115273,0.125596,0.136986,0.149561,0.163458,0.178827,0.195837,0.214679,0.235567,0.258743,0.283548,0.310015,0.338169,0.368022,0.399577,0.432822,0.467732,0.504269,0.542379,0.581991,0.623018,0.663901,0.704243,0.743627,0.781631,0.817824,0.851783,0.883096,0.911374,0.936255,0.957414,0.974571,0.987495,0.99601
1,29335.02,28380.13,27435.31,26508.79,25601.15,24723.50,23923.50,23150.29,22386.40,21641.49,20959.66,20292.30,19640.27,19004.16,18397.15,17835.82,17292.14,16766.31,16241.92,15729.94,15211.23,14685.72,14131.50,13557.24,12975.27,12385.46,11775.37,11111.19,10439.12,9775.04,9157.32,8553.11,8026.50,7512.26,7034.00,6560.49,6090.78,5621.13,5153.20,4687.81,4212.47,3740.63,3283.89,2845.22,2431.78,2039.99,1678.77,1348.02,1049.61,785.61,558.78,369.69,219.02,106.84,33.88
1.1,10.00,11.48,13.15,15.01,17.05,19.28,21.68,24.33,27.27,30.49,34.03,37.89,42.08,46.62,51.52,56.77,62.38,68.35,74.67,81.33,88.69,96.84,105.86,115.87,126.97,139.31,153.04,168.33,185.38,204.41,225.69,248.64,273.31,299.77,328.06,358.21,390.24,424.15,459.95,497.61,537.09,578.33,619.77,660.99,701.54,740.95,778.73,814.41,847.48,877.50,904.04,926.68,945.10,959.01,968.19
2,30097.15,29131.24,28176.42,27241.26,26385.43,25562.28,24766.06,23973.89,23191.66,22426.71,21710.89,21009.80,20324.40,19655.30,19014.52,18416.53,17836.77,17275.52,16719.79,16178.63,15630.07,15074.07,14489.76,13885.90,13273.84,12653.48,12012.79,11321.79,10622.73,9930.72,9278.42,8641.30,8094.81,7561.76,7077.83,6598.73,6123.76,5651.37,5181.62,4714.31,4236.28,3762.09,3302.40,2861.09,2444.91,2050.95,1687.75,1355.11,1055.29,789.91,561.92,371.85,220.35,107.74,34.25
2.2,10.00,11.48,13.15,15.01,17.06,19.28,21.68,24.34,27.27,30.50,34.04,37.90,42.10,46.64,51.54,56.80,62.42,68.39,74.72,81.39,88.76,96.91,105.95,115.97,127.09,139.45,153.21,168.53,185.61,204.68,226.00,249.00,273.74,300.27,328.63,358.86,390.98,425.00,460.90,498.69,538.30,579.68,621.26,662.63,703.33,742.90,780.83,816.64,849.85,880.00,906.64,929.39,947.89,961.86,971.08
3,29563.11,28724.26,27903.07,27106.23,26189.55,25303.68,24489.81,23699.80,22919.31,22159.53,21469.35,20794.11,20134.69,19491.66,18873.17,18288.35,17721.59,17173.16,16622.47,16083.95,15538.03,14984.69,14399.81,13794.30,13180.50,12558.35,11917.34,11234.58,10543.79,9869.43,9257.32,8658.14,8138.47,7628.72,7150.24,6675.65,6204.17,5729.20,5255.00,4782.86,4297.40,3816.35,3349.12,2901.02,2478.04,2077.74,1709.01,1371.33,1067.35,798.97,568.47,376.40,223.19,109.19,34.71
3.3,10.00,11.48,13.15,15.01,17.06,19.29,21.69,24.34,27.28,30.51,34.06,37.92,42.12,46.67,51.58,56.84,62.47,68.45,74.79,81.47,88.85,97.03,106.08,116.12,127.27,139.66,153.45,168.81,185.94,205.07,226.46,249.53,274.35,300.98,329.45,359.80,392.05,426.21,462.28,500.24,540.04,581.62,623.42,665.01,705.93,745.71,783.86,819.88,853.29,883.61,910.42,933.30,951.91,965.97,975.25
4,30540.43,29649.83,28775.95,27925.84,26938.74,25982.31,25106.87,24257.62,23416.55,22598.42,21868.24,21152.65,20452.64,19768.86,19115.07,18507.02,17917.25,17346.11,16779.50,16227.50,15667.78,15100.30,14504.84,13890.56,13267.86,12636.66,11986.90,11296.57,10598.18,9917.29,9301.65,8699.04,8176.93,7664.76,7183.42,6706.05,6231.88,5753.90,5276.74,4801.78,4314.92,3832.38,3364.32,2915.63,2491.86,2091.14,1721.44,1383.04,1078.18,808.68,576.39,382.17,226.83,111.03,35.31
4.4,10.00,11.48,13.15,15.01,17.06,19.29,21.69,24.34,27.28,30.51,34.06,37.92,42.12,46.67,51.58,56.84,62.47,68.45,74.79,81.47,88.86,97.03,106.08,116.13,127.28,139.67,153.46,168.82,185.95,205.08,226.47,249.54,274.37,300.99,329.46,359.82,392.07,426.24,462.31,500.27,540.07,581.66,623.46,665.06,705.98,745.77,783.92,819.94,853.35,883.68,910.49,933.38,951.99,966.05,975.33
5,31781.14,30658.60,29541.35,28439.18,27387.98,26366.98,25442.46,24549.95,23664.56,22805.47,22061.57,21332.27,20618.59,19921.20,19254.29,18635.21,18034.59,17452.77,16879.27,16321.52,15755.94,15182.50,14586.93,13975.12,13354.98,12726.44,12080.60,11394.62,10700.55,10020.39,9403.70,8799.86,8279.16,7769.09,7287.60,6809.47,6333.86,5850.55,5366.17,4884.00,4388.55,3896.95,3420.98,2964.22,2533.56,2126.81,1751.33,1407.96,1098.46,824.35,587.79,389.82,231.40,113.12,35.94
5.5,10.00,11.48,13.15,15.01,17.05,19.28,21.68,24.34,27.27,30.50,34.04,37.90,42.10,46.64,51.53,56.79,62.40,68.38,74.70,81.37,88.74,96.89,105.92,115.94,127.05,139.41,153.16,168.47,185.54,204.60,225.91,248.89,273.61,300.11,328.45,358.66,390.75,424.73,460.61,498.35,537.92,579.26,620.80,662.12,702.78,742.29,780.18,815.95,849.12,879.22,905.83,928.55,947.02,960.97,970.18
6,32310.35,31144.16,29981.63,28833.01,27748.64,26694.33,25739.56,24817.14,23901.09,23013.07,22251.34,21504.04,20772.23,20056.64,19374.64,18746.75,18137.41,17547.00,16969.95,16410.56,15843.32,15268.21,14671.05,14058.03,13436.66,12806.86,12159.51,11473.54,10779.39,10104.29,9502.96,8913.38,8410.27,7915.13,7437.67,6962.32,6488.11,5997.34,5503.04,5010.64,4502.10,3997.98,3509.57,3041.34,2599.51,2182.42,1797.32,1444.94,1127.28,845.92,603.08,399.81,237.23,116.08,36.92
6.6,10.00,11.48,13.15,15.01,17.06,19.29,21.68,24.34,27.28,30.51,34.05,37.91,42.11,46.66,51.56,56.82,62.44,68.42,74.76,81.43,88.81,96.98,106.02,116.05,127.19,139.57,153.34,168.68,185.79,204.90,226.25,249.29,274.08,300.66,329.08,359.37,391.57,425.66,461.66,499.54,539.25,580.75,622.45,663.94,704.76,744.44,782.49,818.42,851.74,881.99,908.72,931.54,950.10,964.12,973.37
7,32338.06,31167.47,30000.37,28847.09,27771.82,26726.90,25772.88,24847.33,23928.10,23036.08,22266.43,21511.07,20771.06,20047.17,19358.85,18729.37,18118.44,17526.44,16957.80,16410.06,15854.86,15292.13,14717.64,14133.12,13540.82,12940.53,12318.15,11640.49,10954.53,10279.77,9656.38,9045.63,8539.11,8041.00,7556.04,7073.22,6591.54,6091.68,5587.84,5086.21,4569.67,4057.59,3561.92,3086.84,2638.54,2215.05,1824.08,1466.33,1143.83,858.21,611.78,405.55,240.62,117.74,37.44
7.7,10.00,11.48,13.15,15.01,17.06,19.29,21.68,24.34,27.28,30.51,34.05,37.91,42.11,46.66,51.56,56.82,62.44,68.41,74.75,81.42,88.80,96.96,106.00,116.03,127.16,139.54,153.30,168.64,185.74,204.83,226.18,249.21,273.98,300.54,328.94,359.22,391.39,425.46,461.44,499.28,538.97,580.43,622.10,663.55,704.34,743.98,782.00,817.89,851.18,881.39,908.10,930.90,949.44,963.44,972.69
8,31930.86,30793.77,29661.25,28543.32,27489.96,26466.85,25536.66,24636.48,23743.22,22876.75,22126.78,21391.32,20671.42,19967.76,19295.87,18673.94,18070.47,17485.85,16915.37,16362.73,15802.43,15234.42,14665.66,14092.93,13512.64,12924.53,12309.23,11622.74,10927.96,10247.04,9623.78,9013.21,8512.03,8018.55,7535.39,7054.32,6574.35,6075.80,5573.42,5073.24,4557.43,4046.37,3551.69,3077.81,2630.61,2208.39,1818.60,1461.78,1140.12,855.35,609.72,404.23,239.89,117.41,37.35
8.8,10.00,11.48,13.15,15.01,17.06,19.29,21.68,24.34,27.28,30.51,34.05,37.92,42.12,46.66,51.57,56.83,62.45,68.43,74.76,81.44,88.82,96.99,106.04,116.07,127.21,139.59,153.37,168.71,185.83,204.94,226.30,249.35,274.14,300.73,329.16,359.47,391.68,425.79,461.80,499.70,539.43,580.95,622.67,664.19,705.03,744.73,782.81,818.76,852.10,882.36,909.11,931.94,950.52,964.54,973.80
9,30948.53,29928.60,28918.34,27926.40,26907.52,25918.58,25025.79,24165.61,23313.10,22485.85,21764.08,21056.97,20365.49,19690.27,19045.31,18447.34,17867.61,17306.43,16743.20,16192.10,15633.31,15066.77,14488.84,13901.00,13305.26,12701.46,12074.30,11386.82,10691.23,10015.55,9418.95,8834.03,8340.00,7854.05,7380.11,6908.27,6437.59,5950.89,5460.50,4971.97,4467.56,3967.29,3482.75,3018.04,2579.62,2165.37,1783.01,1432.87,1117.18,837.96,597.32,396.20,235.30,115.25,36.68
9.9,10.00,11.48,13.15,15.01,17.06,19.28,21.68,24.34,27.27,30.50,34.04,37.91,42.11,46.65,51.55,56.81,62.43,68.40,74.73,81.40,88.78,96.94,105.98,116.00,127.13,139.50,153.26,168.59,185.68,204.77,226.10,249.12,273.87,300.42,328.80,359.06,391.21,425.26,461.20,499.02,538.67,580.10,621.73,663.15,703.90,743.50,781.48,817.34,850.60,880.78,907.46,930.23,948.76,962.75,971.98
10,30044.12,29106.41,28181.37,27276.75,26298.99,25350.91,24503.57,23692.20,22889.55,22108.89,21409.67,20725.12,20056.15,19403.35,18781.00,18206.03,17649.05,17110.30,16563.59,16026.83,15482.73,14931.22,14357.55,13768.09,13170.66,12565.13,11938.00,11257.43,10568.85,9898.41,9299.80,8713.26,8210.93,7717.41,7243.89,6773.23,6304.56,5825.41,5344.54,4865.64,4372.30,3883.09,3408.84,2953.89,2524.66,2119.35,1745.19,1402.56,1093.64,820.31,584.70,387.77,230.24,112.76,35.88
10.10,10.00,11.48,13.15,15.01,17.06,19.29,21.68,24.34,27.28,30.51,34.05,37.91,42.11,46.66,51.56,56.82,62.44,68.42,74.75,81.42,88.80,96.96,106.00,116.03,127.17,139.54,153.31,168.64,185.74,204.84,226.19,249.22,273.99,300.56,328.96,359.24,391.41,425.49,461.47,499.32,539.00,580.47,622.14,663.60,704.39,744.04,782.06,817.96,851.25,881.47,908.18,930.98,949.53,963.53,972.78
11,29487.93,28584.86,27695.39,26827.05,25907.13,25017.47,24209.75,23430.65,22661.09,21909.93,21216.57,20537.75,19874.39,19227.05,18611.14,18045.48,17497.65,16967.86,16432.66,15907.90,15376.09,14837.19,14272.21,13689.04,13098.01,12499.00,11876.67,11192.64,10500.67,9823.41,9210.73,8611.13,8096.98,7593.63,7120.61,6651.12,6184.36,5712.43,5240.25,4770.10,4287.32,3808.17,3343.80,2897.94,2477.33,2079.62,1712.48,1376.22,1072.93,804.30,572.95,379.69,225.28,110.28,35.08
11.11,10.00,11.48,13.15,15.01,17.06,19.28,21.68,24.34,27.27,30.50,34.04,37.90,42.10,46.64,51.54,56.80,62.41,68.39,74.71,81.38,88.75,96.91,105.94,115.96,127.08,139.44,153.19,168.51,185.59,204.66,225.97,248.97,273.70,300.22,328.58,358.80,390.91,424.92,460.82,498.59,538.18,579.55,621.13,662.48,703.17,742.72,780.63,816.43,849.63,879.77,906.40,929.14,947.63,961.59,970.81
12,29085.17,28195.67,27319.60,26464.57,25604.95,24776.34,24006.91,23256.78,22516.97,21793.61,21112.65,20446.36,19795.61,19160.95,18554.18,17989.29,17442.18,16913.05,16381.77,15862.13,15335.58,14802.06,14238.47,13654.73,13063.11,12463.48,11841.08,11160.82,10472.62,9798.27,9182.95,8580.92,8062.10,7554.10,7078.43,6606.80,6138.44,5667.39,5197.23,4729.37,4249.65,3773.96,3312.69,2870.07,2452.50,2057.30,1692.96,1359.26,1058.54,792.47,563.86,373.29,221.30,108.24,34.42
12.12,10.00,11.48,13.15,15.01,17.06,19.28,21.68,24.34,27.27,30.51,34.05,37.91,42.11,46.65,51.55,56.81,62.43,68.41,74.74,81.41,88.79,96.95,105.99,116.02,127.15,139.52,153.29,168.62,185.72,204.81,226.15,249.18,273.94,300.50,328.90,359.16,391.33,425.39,461.35,499.19,538.86,580.31,621.97,663.41,704.18,743.81,781.82,817.70,850.97,881.18,907.87,930.66,949.20,963.20,972.44
