Month,0.0125,0.01434,0.016404,0.018694,0.021206,0.02393,0.026849,0.030074,0.033623,0.037515,0.041764,0.046384,0.051386,0.05678,0.06257,0.06876,0.075347,0.082325,0.089684,0.097408,0.105909,0.115273,0.125596,0.136986,0.149561,0.163458,0.178827,0.195837,0.214679,0.235567,0.258743,0.283548,0.310015,0.338169,0.368022,0.399577,0.432822,0.467732,0.504269,0.542379,0.581991,0.623018,0.663901,0.704243,0.743627,0.781631,0.817824,0.851783,0.883096,0.911374,0.936255,0.957414,0.974571,0.987495,0.99601
1,28783.12,27759.87,26740.98,25735.10,24703.48,23697.16,22921.61,22243.80,21577.37,20929.45,20331.43,19748.87,19182.43,18632.45,18090.59,17545.70,17018.14,16508.11,15999.76,15503.83,15001.52,14492.76,13939.52,13357.67,12767.91,12170.16,11562.58,10940.45,10310.53,9693.24,9134.04,8585.07,8089.25,7601.53,7130.56,6662.88,6197.64,5725.09,5251.59,4780.17,4296.10,3815.69,3349.96,2902.70,2480.90,2081.83,1713.69,1376.55,1072.56,803.44,571.99,378.89,224.75,109.83,34.89
1.1,10.00,11.48,13.15,15.01,17.06,19.28,21.68,24.34,27.27,30.50,34.04,37.90,42.10,46.64,51.54,56.79,62.41,68.38,74.71,81.38,88.75,96.90,105.94,115.96,127.08,139.43,153.18,168.50,185.58,204.64,225.96,248.95,273.68,300.20,328.55,358.77,390.87,424.88,460.77,498.53,538.12,579.49,621.05,662.40,703.08,742.62,780.53,816.32,849.52,879.64,906.27,929.00,947.49,961.45,970.67
2,29297.95,28262.62,27232.12,26215.17,25160.04,24130.59,23325.72,22614.99,21915.02,21236.25,20625.97,20031.30,19452.91,18891.16,18333.65,17763.97,17211.85,16677.57,16150.56,15638.14,15118.91,14592.81,14029.78,13442.31,12846.86,12243.33,11630.04,11002.55,10367.23,9742.81,9171.29,8610.61,8107.38,7612.98,7140.31,6671.02,6204.29,5730.96,5256.90,4784.94,4300.47,3819.63,3353.49,2905.80,2483.57,2083.78,1715.07,1377.51,1073.21,804.12,572.59,379.37,225.08,110.00,34.95
2.2,10.00,11.48,13.15,15.01,17.05,19.28,21.68,24.34,27.27,30.50,34.04,37.90,42.10,46.64,51.54,56.79,62.41,68.38,74.71,81.37,88.74,96.90,105.93,115.95,127.07,139.42,153.17,168.48,185.56,204.62,225.93,248.92,273.65,300.16,328.50,358.72,390.82,424.81,460.70,498.45,538.03,579.38,620.94,662.27,702.94,742.47,780.37,816.15,849.33,879.45,906.07,928.79,947.28,961.23,970.44
3,30344.73,29227.98,28113.49,27011.15,26011.99,25041.49,24224.28,23468.52,22723.25,21999.51,21347.61,20711.39,20091.63,19488.76,18896.00,18303.98,17730.08,17174.58,16625.83,16091.90,15550.76,15002.35,14417.72,13808.80,13191.56,12565.96,11924.56,11248.13,10563.70,9893.45,9287.82,8694.70,8171.33,7658.66,7177.94,6701.15,6227.52,5750.92,5274.84,4800.92,4314.70,3832.09,3364.57,2915.65,2492.29,2091.80,1722.21,1383.90,1078.81,808.83,576.27,382.02,226.75,110.90,35.25
3.3,10.00,11.48,13.15,15.01,17.05,19.28,21.68,24.34,27.27,30.50,34.04,37.90,42.09,46.64,51.53,56.79,62.40,68.37,74.70,81.36,88.73,96.88,105.91,115.93,127.04,139.40,153.14,168.45,185.52,204.57,225.88,248.86,273.57,300.07,328.40,358.60,390.68,424.66,460.53,498.26,537.82,579.14,620.67,661.98,702.62,742.12,779.99,815.75,848.91,879.00,905.60,928.31,946.78,960.72,969.93
4,30762.49,29623.84,28486.91,27361.88,26343.55,25354.03,24521.66,23751.88,22992.51,22252.14,21568.42,20899.95,20247.59,19611.86,18990.74,18381.07,17789.58,17216.64,16655.81,16111.90,15560.46,15001.44,14409.68,13796.12,13174.15,12543.70,11901.33,11238.72,10568.10,9916.59,9339.77,8773.68,8270.16,7774.58,7296.96,6822.28,6349.68,5866.19,5380.99,4897.93,4400.19,3906.85,3428.69,2970.16,2537.72,2129.16,1752.38,1407.75,1097.34,822.95,586.52,388.94,230.90,113.06,35.97
4.4,10.00,11.48,13.15,15.01,17.06,19.29,21.68,24.34,27.28,30.51,34.05,37.91,42.11,46.66,51.56,56.82,62.44,68.42,74.75,81.42,88.80,96.96,106.01,116.04,127.17,139.54,153.31,168.65,185.75,204.85,226.20,249.23,274.00,300.57,328.98,359.26,391.44,425.52,461.50,499.35,539.05,580.52,622.19,663.66,704.45,744.11,782.13,818.04,851.33,881.56,908.27,931.07,949.62,963.63,972.88
5,31158.33,30028.12,28901.08,27787.21,26752.34,25746.70,24898.84,24113.54,23338.63,22582.48,21881.24,21195.30,20525.53,19872.51,19237.38,18620.88,18022.79,17443.48,16875.48,16324.30,15765.50,15199.02,14600.39,13980.41,13351.93,12714.89,12065.38,11394.28,10715.05,10058.38,9485.28,8922.36,8425.75,7935.73,7454.50,6975.66,6498.23,6003.87,5506.27,5011.02,4500.01,3993.99,3504.04,3034.74,2592.35,2175.13,1790.32,1438.60,1121.88,841.72,600.03,397.82,236.09,115.56,36.76
5.5,10.00,11.48,13.15,15.01,17.06,19.29,21.68,24.34,27.28,30.51,34.05,37.91,42.12,46.66,51.56,56.83,62.45,68.43,74.76,81.44,88.82,96.99,106.03,116.07,127.21,139.59,153.36,168.71,185.82,204.93,226.29,249.34,274.13,300.72,329.15,359.45,391.65,425.76,461.77,499.66,539.39,580.91,622.63,664.13,704.97,744.67,782.74,818.69,852.02,882.28,909.03,931.86,950.43,964.45,973.71
6,31648.16,30476.23,29306.08,28148.10,27088.98,26059.21,25186.83,24376.26,23575.59,22794.48,22075.43,21371.55,20683.79,20012.72,19361.78,18734.46,18125.69,17535.85,16967.02,16418.31,15862.11,15298.37,14704.09,14089.20,13465.93,12834.20,12187.64,11511.05,10826.26,10165.68,9596.71,9037.44,8548.06,8064.53,7578.65,7094.85,6612.15,6109.83,5603.18,5098.97,4579.87,4065.50,3567.92,3091.26,2641.71,2217.35,1825.69,1467.46,1144.64,858.89,612.33,406.00,240.94,117.92,37.51
6.6,10.00,11.48,13.15,15.01,17.06,19.28,21.68,24.34,27.28,30.51,34.05,37.91,42.11,46.65,51.55,56.81,62.43,68.41,74.74,81.41,88.79,96.95,106.00,116.02,127.15,139.53,153.29,168.62,185.72,204.82,226.16,249.18,273.95,300.51,328.91,359.18,391.35,425.41,461.38,499.22,538.89,580.34,622.00,663.45,704.23,743.86,781.87,817.75,851.03,881.24,907.94,930.73,949.27,963.27,972.51
7,31672.14,30507.81,29345.81,28196.48,27140.15,26113.36,25238.52,24423.02,23617.31,22830.97,22106.33,21396.78,20703.28,20026.43,19370.57,18740.37,18128.74,17536.05,16976.60,16441.37,15899.08,15349.66,14773.52,14178.90,13576.32,12965.61,12338.37,11674.16,11001.63,10350.21,9783.25,9225.42,8727.61,8235.46,7734.72,7236.58,6740.04,6224.44,5704.82,5188.24,4658.71,4134.17,3627.62,3142.79,2685.70,2254.47,1856.41,1492.29,1164.11,873.44,622.66,412.78,244.92,119.83,38.11
7.7,10.00,11.48,13.15,15.01,17.06,19.28,21.68,24.34,27.27,30.50,34.04,37.91,42.10,46.65,51.55,56.80,62.42,68.40,74.73,81.40,88.77,96.93,105.97,115.99,127.12,139.48,153.24,168.56,185.65,204.73,226.06,249.07,273.82,300.36,328.73,358.98,391.12,425.15,461.08,498.89,538.52,579.93,621.54,662.94,703.67,743.26,781.22,817.06,850.30,880.47,907.13,929.90,948.41,962.39,971.62
8,31313.39,30188.73,29068.04,27961.20,26922.76,25913.84,25057.82,24262.11,23476.67,22710.84,22005.80,21316.16,20642.82,19986.33,19346.06,18720.54,18113.55,17525.47,16967.71,16433.13,15891.51,15342.79,14764.07,14165.07,13558.02,12942.77,12304.52,11607.51,10902.23,10232.10,9689.59,9155.05,8673.69,8196.57,7702.24,7210.07,6719.07,6206.77,5689.68,5175.46,4647.44,4124.37,3619.45,3136.32,2680.66,2250.66,1853.60,1490.14,1162.41,872.02,621.58,412.08,244.55,119.70,38.07
8.8,10.00,11.48,13.15,15.01,17.06,19.28,21.68,24.34,27.27,30.50,34.04,37.91,42.11,46.65,51.55,56.81,62.43,68.40,74.73,81.40,88.78,96.94,105.97,116.00,127.13,139.49,153.25,168.58,185.67,204.75,226.09,249.10,273.85,300.40,328.78,359.03,391.18,425.22,461.16,498.97,538.62,580.04,621.66,663.07,703.81,743.42,781.39,817.24,850.49,880.67,907.34,930.11,948.63,962.62,971.85
9,30462.26,29460.51,28468.34,27494.16,26483.51,25502.09,24675.66,23911.06,23157.29,22422.44,21741.17,21075.45,20426.11,19793.66,19174.64,18564.26,17972.24,17398.90,16839.76,16298.31,15749.52,15193.32,14599.01,13980.29,13353.08,12717.32,12069.72,11402.70,10727.55,10083.96,9549.12,9022.14,8543.97,8069.43,7583.52,7099.68,6616.91,6113.10,5605.18,5099.86,4578.86,4063.24,3564.46,3087.14,2637.09,2212.58,1821.07,1462.93,1140.37,855.20,609.51,404.21,240.01,117.55,37.41
9.9,10.00,11.48,13.15,15.01,17.06,19.29,21.68,24.34,27.28,30.51,34.05,37.92,42.12,46.67,51.57,56.83,62.46,68.44,74.77,81.45,88.83,97.00,106.05,116.09,127.23,139.62,153.40,168.75,185.87,204.99,226.36,249.42,274.23,300.83,329.28,359.60,391.82,425.96,461.99,499.91,539.67,581.21,622.97,664.51,705.39,745.12,783.22,819.20,852.57,882.85,909.63,932.48,951.07,965.11,974.37
10,29720.41,28721.89,27731.53,26757.80,25770.12,24810.87,24019.43,23296.89,22585.80,21892.53,21244.74,20612.59,19996.83,19397.88,18809.40,18222.69,17654.00,17103.61,16557.90,16026.28,15487.47,14941.42,14356.86,13746.87,13128.54,12501.81,11864.17,11209.14,10546.13,9905.47,9354.30,8812.39,8326.08,7846.30,7369.79,6895.69,6423.06,5935.45,5444.38,4955.50,4451.76,3952.20,3468.40,3004.27,2566.84,2153.57,1772.44,1423.96,1110.03,832.57,593.46,393.66,233.80,114.53,36.45
10.10,10.00,11.48,13.15,15.01,17.06,19.28,21.68,24.34,27.27,30.50,34.04,37.90,42.10,46.64,51.54,56.80,62.41,68.39,74.71,81.38,88.75,96.91,105.94,115.96,127.08,139.44,153.19,168.51,185.59,204.66,225.97,248.97,273.70,300.22,328.57,358.80,390.91,424.91,460.81,498.58,538.18,579.55,621.12,662.47,703.16,742.71,780.62,816.42,849.62,879.76,906.39,929.12,947.62,961.58,970.80
11,29126.89,28202.54,27289.45,26395.38,25459.06,24551.67,23785.32,23075.90,22378.01,21698.53,21066.79,20450.77,19851.19,19268.44,18694.08,18117.32,17558.45,17017.72,16478.79,15953.07,15420.29,14880.40,14300.73,13695.80,13082.59,12461.03,11827.25,11172.41,10509.59,9867.96,9304.41,8750.93,8256.86,7769.58,7294.00,6821.19,6350.26,5867.35,5382.58,4899.87,4401.93,3908.59,3429.91,2970.89,2537.89,2128.72,1751.57,1406.42,1095.60,820.96,584.64,387.42,229.89,112.55,35.81
11.11,10.00,11.48,13.15,15.01,17.06,19.29,21.68,24.34,27.28,30.51,34.05,37.92,42.12,46.67,51.57,56.83,62.45,68.44,74.77,81.45,88.83,97.00,106.05,116.09,127.23,139.61,153.39,168.74,185.86,204.98,226.35,249.40,274.21,300.81,329.25,359.57,391.79,425.92,461.95,499.86,539.61,581.15,622.90,664.43,705.30,745.03,783.12,819.10,852.46,882.74,909.50,932.35,950.94,964.97,974.24
12,29277.15,28254.31,27236.80,26233.58,25273.09,24340.54,23572.73,22872.26,22183.31,21514.38,20901.95,20305.43,19725.49,19162.48,18604.70,18037.86,17488.82,16957.80,16426.82,15908.53,15383.38,14851.31,14273.10,13666.84,13052.24,12429.25,11793.95,11137.98,10474.03,9831.47,9263.18,8705.31,8209.11,7719.75,7245.33,6773.86,6304.47,5823.50,5341.27,4860.96,4366.25,3876.30,3400.76,2945.18,2515.19,2108.63,1734.22,1391.37,1082.87,810.69,576.89,382.08,226.64,110.93,35.27
12.12,10.00,11.48,13.15,15.01,17.06,19.29,21.69,24.35,27.28,30.52,34.06,37.93,42.13,46.68,51.59,56.85,62.48,68.47,74.81,81.49,88.88,97.06,106.12,116.17,127.32,139.72,153.52,168.89,186.03,205.18,226.58,249.68,274.53,301.18,329.67,360.06,392.35,426.55,462.66,500.67,540.52,582.16,624.02,665.67,706.65,746.49,784.70,820.78,854.24,884.62,911.46,934.39,953.03,967.11,976.41
