Month,0.0125,0.01434,0.016404,0.018694,0.021206,0.02393,0.026849,0.030074,0.033623,0.037515,0.041764,0.046384,0.051386,0.05678,0.06257,0.06876,0.075347,0.082325,0.089684,0.097408,0.105909,0.115273,0.125596,0.136986,0.149561,0.163458,0.178827,0.195837,0.214679,0.235567,0.258743,0.283548,0.310015,0.338169,0.368022,0.399577,0.432822,0.467732,0.504269,0.542379,0.581991,0.623018,0.663901,0.704243,0.743627,0.781631,0.817824,0.851783,0.883096,0.911374,0.936255,0.957414,0.974571,0.987495,0.99601
1,29420.24,28333.41,27248.40,26174.69,25153.98,24159.68,23361.53,22644.34,21937.70,21252.78,20639.68,20042.13,19460.82,18896.10,18338.67,17776.37,17231.65,16704.71,16183.47,15676.32,15162.55,14642.07,14078.39,13487.23,12888.02,12280.66,11664.22,11036.28,10400.48,9777.22,9209.12,8651.58,8147.57,7651.81,7174.47,6700.76,6229.89,5753.31,5276.62,4802.17,4315.11,3832.13,3363.71,2914.20,2490.16,2088.99,1719.11,1380.35,1075.06,805.21,573.18,379.66,225.19,110.20,35.05
1.1,10.00,11.48,13.15,15.01,17.06,19.28,21.68,24.34,27.27,30.51,34.05,37.91,42.11,46.65,51.55,56.81,62.43,68.41,74.74,81.41,88.79,96.95,105.99,116.02,127.15,139.52,153.29,168.62,185.72,204.81,226.15,249.17,273.94,300.50,328.89,359.16,391.33,425.39,461.35,499.19,538.86,580.31,621.96,663.40,704.18,743.81,781.81,817.69,850.97,881.17,907.87,930.66,949.19,963.19,972.43
2,29342.55,28358.75,27382.91,26423.57,25485.01,24575.34,23808.52,23099.28,22401.61,21722.39,21090.59,20474.54,19874.94,19292.19,18715.29,18130.68,17563.98,17015.46,16475.23,15950.44,15418.62,14879.71,14301.01,13697.51,13085.74,12465.63,11832.58,11176.73,10512.88,9865.69,9280.04,8705.77,8191.81,7686.37,7203.28,6724.22,6248.40,5768.33,5289.11,4812.13,4322.96,3838.38,3368.08,2917.42,2492.11,2090.38,1720.07,1380.86,1075.38,805.46,573.38,379.81,225.29,110.25,35.04
2.2,10.00,11.48,13.15,15.01,17.06,19.29,21.69,24.35,27.28,30.52,34.06,37.93,42.13,46.68,51.58,56.85,62.48,68.46,74.80,81.49,88.87,97.05,106.11,116.15,127.31,139.70,153.50,168.87,186.01,205.15,226.55,249.64,274.48,301.12,329.61,359.98,392.26,426.45,462.56,500.55,540.38,582.01,623.85,665.48,706.45,746.27,784.46,820.52,853.97,884.33,911.17,934.08,952.72,966.79,976.08
3,29909.60,28844.69,27784.23,26737.43,25721.78,24733.84,23925.75,23191.49,22468.06,21764.28,21119.68,20490.60,19877.80,19281.72,18695.52,18109.83,17542.05,16992.48,16449.49,15921.15,15385.67,14842.99,14266.85,13668.11,13061.23,12446.11,11816.99,11158.96,10493.00,9840.98,9252.15,8674.95,8161.91,7658.54,7181.11,6707.28,6236.25,5758.90,5281.07,4805.57,4316.99,3832.42,3363.35,2913.35,2489.25,2088.25,1718.52,1380.32,1075.59,806.47,574.66,381.02,226.17,110.56,35.13
3.3,10.00,11.48,13.15,15.01,17.05,19.28,21.68,24.34,27.27,30.50,34.04,37.90,42.10,46.64,51.54,56.79,62.41,68.38,74.70,81.37,88.74,96.89,105.92,115.94,127.06,139.41,153.16,168.47,185.54,204.61,225.91,248.90,273.62,300.13,328.47,358.67,390.77,424.76,460.64,498.38,537.95,579.30,620.84,662.17,702.83,742.34,780.23,816.01,849.18,879.29,905.90,928.62,947.10,961.05,970.26
4,30877.00,29757.51,28641.11,27537.90,26546.19,25584.26,24751.54,23968.50,23195.69,22442.03,21745.90,21064.96,20400.12,19751.91,19117.32,18492.12,17885.23,17297.02,16723.46,16167.87,15604.41,15033.05,14432.54,13812.55,13184.01,12546.88,11899.59,11238.50,10569.37,9920.09,9342.73,8776.12,8275.54,7782.19,7304.96,6830.59,6358.21,5874.13,5388.52,4904.87,4405.74,3911.40,3432.20,2973.16,2540.04,2131.24,1754.19,1409.22,1098.54,823.94,587.24,389.35,231.09,113.13,35.98
4.4,10.00,11.48,13.15,15.01,17.06,19.29,21.69,24.34,27.28,30.51,34.06,37.92,42.13,46.68,51.58,56.84,62.47,68.45,74.79,81.47,88.86,97.03,106.09,116.13,127.28,139.67,153.46,168.82,185.95,205.09,226.48,249.55,274.38,301.01,329.48,359.83,392.09,426.26,462.34,500.30,540.10,581.70,623.51,665.10,706.03,745.82,783.98,820.01,853.42,883.75,910.57,933.45,952.07,966.13,975.41
5,31284.91,30153.91,29026.37,27912.28,26875.93,25869.03,25015.74,24223.05,23440.68,22678.21,21977.80,21292.85,20624.23,19972.50,19336.90,18715.84,18113.30,17529.64,16956.12,16399.12,15834.35,15261.78,14659.46,14036.95,13405.91,12766.28,12112.21,11429.81,10739.26,10069.11,9477.74,8897.61,8391.76,7893.87,7411.09,6931.08,6452.93,5961.58,5467.88,4976.46,4470.45,3968.98,3483.32,3017.80,2578.76,2164.29,1781.84,1432.11,1117.02,838.15,597.55,396.25,235.21,115.15,36.63
5.5,10.00,11.48,13.15,15.01,17.06,19.29,21.68,24.34,27.28,30.51,34.05,37.91,42.11,46.66,51.56,56.82,62.44,68.42,74.75,81.42,88.80,96.96,106.01,116.04,127.17,139.55,153.31,168.65,185.75,204.85,226.20,249.23,274.01,300.58,328.98,359.27,391.44,425.52,461.50,499.36,539.05,580.52,622.20,663.67,704.46,744.12,782.14,818.05,851.35,881.57,908.28,931.09,949.64,963.64,972.89
6,31736.23,30560.15,29385.78,28223.58,27162.82,26131.52,25254.80,24438.51,23631.99,22845.72,22126.01,21421.52,20733.20,20061.64,19411.00,18785.74,18179.06,17591.35,17022.27,16472.53,15915.30,15350.52,14755.07,14138.92,13514.38,12881.36,12233.16,11553.78,10866.16,10199.93,9616.73,9043.98,8545.92,8054.65,7568.77,7085.03,6602.46,6101.02,5595.44,5092.23,4574.15,4060.70,3563.86,3087.78,2638.79,2215.02,1823.87,1466.08,1143.64,858.15,611.81,405.65,240.74,117.82,37.47
6.6,10.00,11.48,13.15,15.01,17.06,19.28,21.68,24.34,27.27,30.51,34.05,37.91,42.11,46.65,51.55,56.81,62.43,68.41,74.74,81.41,88.79,96.95,105.99,116.02,127.15,139.52,153.29,168.62,185.72,204.81,226.15,249.18,273.94,300.50,328.90,359.17,391.33,425.40,461.36,499.20,538.87,580.32,621.98,663.42,704.19,743.83,781.83,817.71,850.99,881.20,907.89,930.68,949.22,963.22,972.46
7,31746.63,30574.48,29404.22,28246.32,27187.38,26157.95,25279.39,24459.28,23648.82,22857.96,22129.97,21417.01,20720.03,20039.66,19381.73,18752.56,18141.95,17550.28,16999.07,16474.18,15942.57,15404.16,14839.86,14258.04,13668.52,13071.06,12447.62,11758.02,11060.02,10387.15,9804.46,9231.74,8730.67,8234.89,7734.57,7236.82,6740.64,6224.99,5705.93,5189.83,4660.48,4136.42,3630.43,3146.55,2689.81,2258.97,1860.94,1496.34,1167.44,875.95,624.39,413.85,245.50,120.10,38.19
7.7,10.00,11.48,13.15,15.01,17.06,19.29,21.68,24.34,27.28,30.51,34.05,37.92,42.12,46.67,51.57,56.83,62.46,68.44,74.77,81.45,88.83,97.00,106.05,116.09,127.23,139.62,153.40,168.75,185.87,204.99,226.36,249.42,274.23,300.83,329.28,359.60,391.83,425.96,462.00,499.91,539.67,581.22,622.97,664.52,705.39,745.13,783.23,819.21,852.57,882.86,909.63,932.49,951.08,965.12,974.38
8,31354.73,30225.02,29099.01,27986.66,26942.68,25928.12,25067.34,24267.03,23476.81,22706.33,21997.95,21304.87,20628.01,19967.92,19324.12,18695.29,18084.98,17493.56,16932.36,16394.29,15849.05,15296.57,14715.52,14115.10,13506.59,12889.84,12254.28,11574.92,10887.31,10232.71,9696.39,9167.67,8687.18,8210.32,7714.98,7221.84,6729.88,6216.00,5697.48,5181.94,4652.87,4128.96,3623.56,3140.28,2684.30,2254.01,1856.58,1492.58,1164.25,873.27,622.36,412.53,244.79,119.80,38.11
8.8,10.00,11.48,13.15,15.01,17.06,19.29,21.68,24.34,27.28,30.51,34.05,37.91,42.11,46.66,51.56,56.82,62.44,68.41,74.74,81.42,88.80,96.96,106.00,116.03,127.16,139.53,153.30,168.64,185.74,204.83,226.18,249.21,273.98,300.54,328.94,359.22,391.39,425.46,461.43,499.28,538.97,580.43,622.09,663.55,704.33,743.98,781.99,817.89,851.17,881.39,908.10,930.89,949.44,963.44,972.68
9,30496.12,29474.34,28461.06,27464.89,26437.41,25438.75,24605.68,23839.30,23083.60,22347.14,21667.60,21003.55,20355.84,19724.97,19107.42,18498.15,17907.19,17334.86,16775.13,16232.49,15682.44,15124.92,14531.17,13913.45,13287.28,12652.58,12006.53,11342.00,10669.38,10026.79,9495.63,8972.25,8496.17,8024.52,7542.19,7061.83,6582.42,6082.88,5578.59,5076.71,4559.62,4047.16,3551.59,3076.83,2629.26,2207.07,1817.36,1460.63,1139.03,854.34,608.98,403.91,239.86,117.48,37.38
9.9,10.00,11.48,13.15,15.01,17.06,19.28,21.68,24.34,27.27,30.50,34.04,37.91,42.10,46.65,51.55,56.81,62.42,68.40,74.73,81.40,88.77,96.93,105.97,116.00,127.12,139.49,153.25,168.57,185.67,204.75,226.08,249.09,273.84,300.39,328.77,359.02,391.16,425.20,461.14,498.95,538.59,580.01,621.63,663.04,703.78,743.37,781.34,817.19,850.44,880.61,907.28,930.05,948.57,962.55,971.78
10,29402.62,28494.07,27598.54,26723.31,25719.58,24743.79,23947.86,23226.07,22515.63,21823.04,21176.43,20545.37,19930.62,19332.62,18746.31,18164.73,17601.11,17055.71,16511.91,15981.15,15443.20,14898.01,14312.63,13701.09,13081.15,12452.78,11816.73,11174.60,10524.51,9895.41,9349.61,8812.78,8328.16,7849.61,7373.52,6899.79,6427.46,5939.55,5448.19,4959.00,4454.70,3954.73,3470.57,3006.28,2568.58,2155.01,1773.61,1424.75,1110.46,832.70,593.44,393.57,233.73,114.49,36.44
10.10,10.00,11.48,13.15,15.01,17.06,19.28,21.68,24.34,27.27,30.50,34.04,37.91,42.10,46.65,51.55,56.80,62.42,68.40,74.73,81.40,88.77,96.93,105.97,115.99,127.12,139.48,153.24,168.56,185.65,204.73,226.06,249.07,273.82,300.36,328.73,358.98,391.11,425.15,461.08,498.88,538.52,579.92,621.54,662.93,703.66,743.25,781.21,817.05,850.29,880.46,907.12,929.88,948.40,962.38,971.60
11,29204.69,28238.38,27281.09,26340.93,25353.87,24394.48,23611.65,22902.00,22203.64,21524.75,20902.18,20295.34,19704.93,19131.32,18563.76,17987.55,17429.14,16888.80,16354.97,15835.55,15309.22,14775.93,14199.58,13594.72,12981.59,12360.13,11729.44,11086.85,10436.37,9803.14,9247.35,8701.32,8209.17,7724.87,7252.79,6783.41,6315.79,5836.52,5354.39,4874.27,4380.31,3889.84,3414.71,2958.27,2528.15,2121.30,1746.04,1402.77,1093.30,819.55,583.81,386.97,229.70,112.42,35.75
11.11,10.00,11.48,13.15,15.01,17.05,19.28,21.68,24.33,27.27,30.49,34.03,37.89,42.09,46.63,51.52,56.77,62.39,68.36,74.68,81.34,88.70,96.85,105.88,115.88,126.99,139.33,153.07,168.36,185.42,204.46,225.74,248.70,273.38,299.86,328.16,358.32,390.36,424.29,460.11,497.79,537.29,578.56,620.02,661.26,701.84,741.27,779.08,814.78,847.88,877.92,904.47,927.13,945.57,959.48,968.67
12,29493.50,28467.11,27446.49,26440.69,25499.74,24587.72,23807.98,23080.75,22364.40,21668.52,21035.47,20418.07,19817.05,19232.81,18656.29,18075.75,17513.07,16968.53,16431.00,15908.31,15378.65,14841.94,14265.03,13662.34,13051.41,12432.17,11799.00,11138.61,10470.27,9820.45,9243.24,8677.01,8177.48,7686.08,7213.53,6743.93,6276.41,5799.09,5320.28,4843.45,4352.01,3864.76,3392.01,2938.35,2510.45,2105.77,1732.73,1391.19,1083.50,811.54,577.67,382.58,226.91,111.06,35.33
12.12,10.00,11.48,13.15,15.01,17.06,19.29,21.68,24.34,27.28,30.51,34.05,37.91,42.11,46.66,51.56,56.82,62.44,68.42,74.75,81.42,88.80,96.96,106.01,116.04,127.17,139.55,153.32,168.65,185.76,204.85,226.20,249.24,274.01,300.58,328.99,359.27,391.45,425.53,461.51,499.37,539.07,580.54,622.22,663.68,704.48,744.14,782.17,818.07,851.37,881.60,908.31,931.12,949.67,963.68,972.92
