Month,0.0125,0.01434,0.016404,0.018694,0.021206,0.02393,0.026849,0.030074,0.033623,0.037515,0.041764,0.046384,0.051386,0.05678,0.06257,0.06876,0.075347,0.082325,0.089684,0.097408,0.105909,0.115273,0.125596,0.136986,0.149561,0.163458,0.178827,0.195837,0.214679,0.235567,0.258743,0.283548,0.310015,0.338169,0.368022,0.399577,0.432822,0.467732,0.504269,0.542379,0.581991,0.623018,0.663901,0.704243,0.743627,0.781631,0.817824,0.851783,0.883096,0.911374,0.936255,0.957414,0.974571,0.987495,0.99601
1,29792.22,28788.57,27792.92,26814.37,25973.03,25163.89,24384.39,23610.52,22846.67,22097.01,21378.33,20673.85,19984.54,19311.04,18672.47,18092.31,17530.03,16985.92,16452.50,15935.06,15410.83,14879.75,14323.93,13750.77,13169.97,12581.33,11967.94,11287.39,10598.81,9913.72,9257.32,8616.37,8063.57,7524.74,7037.35,6555.36,6078.12,5606.80,5139.39,4674.62,4200.21,3729.69,3273.84,2836.34,2423.79,2033.23,1673.15,1343.23,1045.74,782.17,556.00,367.62,217.66,106.35,33.79
1.1,10.00,11.48,13.15,15.01,17.06,19.28,21.68,24.34,27.27,30.50,34.04,37.90,42.10,46.64,51.54,56.80,62.41,68.39,74.71,81.38,88.75,96.91,105.94,115.96,127.08,139.44,153.19,168.50,185.58,204.65,225.97,248.96,273.69,300.21,328.56,358.78,390.89,424.89,460.79,498.56,538.15,579.51,621.08,662.44,703.12,742.66,780.58,816.37,849.57,879.70,906.33,929.06,947.55,961.51,970.73
2,30055.21,29023.71,27999.09,26990.69,26123.56,25288.34,24489.91,23699.77,22919.19,22154.64,21433.90,20727.38,20036.06,19360.61,18719.71,18136.31,17570.84,17023.59,16483.81,15958.99,15427.15,14888.25,14328.59,13753.84,13171.41,12581.12,11966.19,11284.77,10595.32,9908.58,9247.86,8602.87,8052.12,7515.47,7031.31,6552.26,6077.68,5607.99,5141.73,4677.91,4203.58,3733.04,3276.96,2839.11,2426.17,2034.96,1674.37,1344.16,1046.55,783.23,557.10,368.63,218.42,106.78,33.94
2.2,10.00,11.48,13.15,15.01,17.06,19.28,21.68,24.34,27.27,30.50,34.04,37.90,42.10,46.64,51.54,56.80,62.41,68.39,74.71,81.38,88.75,96.91,105.94,115.96,127.08,139.45,153.20,168.51,185.59,204.66,225.98,248.98,273.71,300.23,328.59,358.81,390.93,424.94,460.84,498.61,538.21,579.59,621.16,662.52,703.21,742.76,780.69,816.49,849.69,879.83,906.47,929.20,947.70,961.66,970.88
3,30054.61,29094.10,28144.89,27215.25,26300.77,25417.43,24591.50,23782.45,22982.36,22200.62,21478.57,20770.78,20078.22,19401.54,18758.97,18172.51,17604.02,17053.78,16511.28,15983.91,15449.47,14907.88,14343.90,13763.96,13176.24,12580.58,11961.39,11281.06,10592.69,9908.13,9252.15,8611.60,8065.08,7532.10,7049.26,6571.30,6097.56,5627.60,5160.61,4695.92,4220.60,3749.05,3291.52,2852.18,2437.57,2044.56,1682.31,1350.54,1051.57,787.29,560.25,371.00,220.00,107.62,34.22
3.3,10.00,11.48,13.15,15.01,17.06,19.28,21.68,24.34,27.27,30.50,34.04,37.91,42.11,46.65,51.55,56.81,62.43,68.40,74.73,81.40,88.78,96.94,105.98,116.00,127.13,139.50,153.26,168.59,185.68,204.76,226.10,249.11,273.87,300.42,328.80,359.05,391.20,425.25,461.19,499.01,538.66,580.08,621.72,663.13,703.88,743.49,781.46,817.32,850.57,880.76,907.43,930.21,948.73,962.72,971.95
4,30734.80,29739.95,28755.87,27791.06,26824.66,25889.26,25017.23,24163.43,23317.55,22493.68,21755.54,21031.69,20323.13,19630.55,18972.98,18373.54,17792.28,17229.50,16675.30,16136.71,15590.78,15037.45,14459.65,13864.59,13261.49,12650.23,12017.19,11329.15,10633.04,9943.63,9292.22,8655.89,8117.59,7592.17,7112.57,6637.18,6165.26,5692.18,5220.40,4750.85,4269.61,3792.19,3329.49,2885.43,2466.41,2069.92,1704.07,1369.16,1067.25,800.16,570.11,377.91,224.27,109.77,34.92
4.4,10.00,11.48,13.15,15.01,17.06,19.28,21.68,24.34,27.27,30.50,34.04,37.91,42.10,46.65,51.55,56.80,62.42,68.40,74.73,81.40,88.77,96.93,105.97,115.99,127.12,139.48,153.24,168.56,185.65,204.73,226.06,249.07,273.82,300.36,328.74,358.98,391.12,425.16,461.09,498.89,538.53,579.94,621.55,662.95,703.68,743.27,781.23,817.08,850.31,880.48,907.15,929.91,948.43,962.41,971.64
5,31732.38,30625.70,29525.01,28440.07,27417.81,26426.39,25502.67,24597.56,23699.11,22825.79,22060.43,21309.13,20572.98,19852.73,19170.11,18550.67,17949.57,17367.19,16797.52,16245.16,15685.07,15117.22,14529.01,13926.01,13314.82,12695.33,12056.32,11372.61,10680.79,10001.72,9375.86,8763.42,8241.82,7730.41,7252.48,6777.79,6305.49,5826.74,5347.52,4869.98,4377.43,3888.96,3414.72,2959.61,2529.87,2123.65,1748.69,1405.65,1096.52,822.92,586.80,389.18,231.01,113.07,35.97
5.5,10.00,11.48,13.15,15.01,17.06,19.29,21.68,24.34,27.28,30.51,34.05,37.92,42.12,46.67,51.57,56.83,62.46,68.44,74.77,81.45,88.83,97.00,106.05,116.09,127.23,139.62,153.40,168.75,185.87,204.98,226.36,249.41,274.22,300.82,329.26,359.59,391.81,425.94,461.97,499.89,539.65,581.19,622.94,664.48,705.35,745.08,783.18,819.16,852.52,882.80,909.57,932.43,951.01,965.05,974.32
6,32390.66,31218.38,30049.63,28894.88,27848.37,26833.03,25877.99,24937.32,24002.57,23094.42,22307.51,21534.54,20776.66,20034.66,19331.08,18693.22,18073.87,17473.46,16893.39,16333.32,15765.35,15189.45,14595.03,13986.60,13369.91,12744.85,12102.25,11419.96,10729.54,10053.35,9438.38,8836.08,8330.24,7833.70,7360.58,6889.61,6419.83,5935.71,5448.26,4962.41,4460.49,3962.40,3479.37,3015.68,2578.10,2164.81,1783.09,1433.86,1118.98,839.90,598.93,397.16,235.71,115.36,36.69
6.6,10.00,11.48,13.15,15.01,17.06,19.28,21.68,24.34,27.27,30.50,34.04,37.91,42.11,46.65,51.55,56.81,62.43,68.41,74.73,81.41,88.78,96.94,105.98,116.01,127.14,139.51,153.27,168.60,185.69,204.78,226.11,249.13,273.89,300.44,328.83,359.09,391.24,425.29,461.24,499.06,538.72,580.15,621.79,663.21,703.97,743.58,781.56,817.43,850.69,880.88,907.56,930.34,948.87,962.86,972.09
7,32433.12,31257.74,30085.70,28927.57,27890.44,26884.73,25930.98,24987.79,24050.47,23139.03,22343.37,21561.48,20794.52,20043.33,19332.43,18690.71,18067.49,17463.22,16886.82,16332.85,15771.15,15201.70,14627.41,14046.88,13458.62,12862.42,12245.78,11580.83,10907.62,10242.93,9619.36,9008.51,8493.59,7987.24,7503.77,7022.60,6542.76,6047.23,5548.69,5052.10,4539.55,4031.57,3539.20,3067.22,2621.68,2200.98,1812.56,1457.08,1136.65,852.92,608.05,403.11,239.19,117.04,37.22
7.7,10.00,11.48,13.15,15.01,17.06,19.29,21.68,24.34,27.28,30.51,34.05,37.92,42.12,46.67,51.57,56.83,62.46,68.44,74.77,81.45,88.83,97.00,106.05,116.09,127.23,139.62,153.40,168.75,185.87,204.99,226.36,249.42,274.23,300.83,329.28,359.60,391.82,425.96,461.99,499.91,539.67,581.22,622.97,664.51,705.39,745.12,783.22,819.20,852.57,882.86,909.63,932.48,951.07,965.11,974.38
8,32039.24,30894.49,29754.12,28628.37,27610.27,26623.51,25694.17,24778.68,23869.78,22985.92,22210.52,21449.17,20702.99,19972.75,19280.93,18654.34,18046.20,17456.92,16884.69,16331.25,15770.11,15201.24,14627.47,14047.46,13459.73,12864.07,12242.74,11554.73,10858.47,10173.26,9537.84,8916.02,8413.32,7919.53,7444.97,6972.20,6500.23,6010.51,5516.70,5024.54,4515.70,4011.05,3521.93,3052.79,2609.89,2191.45,1805.00,1451.11,1131.96,849.23,605.36,401.37,238.23,116.63,37.10
8.8,10.00,11.48,13.15,15.01,17.06,19.29,21.68,24.34,27.28,30.51,34.05,37.91,42.11,46.66,51.56,56.82,62.44,68.42,74.76,81.43,88.81,96.97,106.02,116.05,127.19,139.56,153.34,168.68,185.78,204.89,226.24,249.28,274.06,300.64,329.06,359.35,391.54,425.64,461.63,499.50,539.21,580.70,622.40,663.89,704.70,744.38,782.42,818.35,851.66,881.90,908.63,931.45,950.01,964.02,973.27
9,31082.15,30068.70,29065.52,28081.25,27085.62,26120.75,25228.56,24358.18,23495.36,22655.27,21904.78,21168.47,20447.38,19742.22,19074.48,18468.96,17881.70,17313.02,16747.11,16195.24,15635.63,15068.24,14490.63,13903.82,13309.13,12706.37,12079.26,11392.68,10697.97,10021.53,9412.33,8815.52,8318.12,7828.12,7355.33,6884.69,6415.25,5930.56,5443.07,4957.07,4454.83,3956.98,3473.74,3010.38,2572.86,2159.63,1778.23,1428.83,1113.90,835.27,595.24,394.71,234.35,114.77,36.51
9.9,10.00,11.48,13.15,15.01,17.06,19.29,21.69,24.34,27.28,30.51,34.06,37.92,42.13,46.68,51.58,56.85,62.47,68.46,74.79,81.48,88.86,97.04,106.09,116.14,127.28,139.68,153.47,168.83,185.97,205.10,226.49,249.57,274.40,301.03,329.51,359.87,392.13,426.30,462.39,500.35,540.17,581.77,623.58,665.19,706.13,745.92,784.09,820.12,853.55,883.89,910.70,933.60,952.22,966.28,975.56
10,29947.43,29068.15,28204.74,27364.18,26408.77,25483.61,24640.28,23824.13,23016.64,22228.33,21503.35,20792.51,20096.81,19416.90,18774.60,18193.68,17630.71,17085.94,16536.10,15997.89,15452.24,14899.09,14323.09,13731.65,13132.16,12524.51,11897.29,11229.05,10552.75,9896.84,9306.37,8727.82,8226.40,7732.04,7257.57,6786.00,6316.43,5836.38,5355.62,4875.77,4381.63,3891.84,3415.65,2959.59,2528.49,2121.33,1745.87,1401.74,1091.90,818.27,582.83,386.35,229.32,112.28,35.67
10.10,10.00,11.48,13.15,15.01,17.06,19.29,21.69,24.35,27.29,30.53,34.07,37.94,42.15,46.71,51.62,56.89,62.52,68.52,74.87,81.56,88.96,97.15,106.23,116.29,127.47,139.89,153.72,169.13,186.31,205.50,226.96,250.12,275.04,301.77,330.36,360.84,393.24,427.57,463.81,501.96,541.97,583.79,625.82,667.65,708.82,748.84,787.23,823.48,857.11,887.63,914.62,937.65,956.40,970.55,979.89
11,29500.44,28560.84,27632.63,26723.98,25855.99,25019.38,24238.46,23475.07,22721.90,21982.50,21270.89,20573.49,19891.27,19224.86,18593.30,18020.39,17465.30,16928.29,16393.07,15870.66,15341.28,14804.86,14238.91,13652.59,13058.35,12456.08,11833.63,11159.21,10476.87,9807.11,9197.30,8600.44,8080.19,7571.16,7093.71,6620.37,6150.39,5678.74,5208.06,4739.61,4259.59,3783.09,3321.42,2877.99,2459.88,2064.03,1698.92,1364.65,1063.19,796.60,567.22,375.79,222.94,108.94,34.61
11.11,10.00,11.48,13.15,15.01,17.05,19.28,21.68,24.33,27.27,30.50,34.03,37.90,42.09,46.63,51.53,56.78,62.40,68.37,74.69,81.35,88.72,96.87,105.90,115.91,127.02,139.37,153.11,168.42,185.48,204.53,225.83,248.80,273.50,299.99,328.31,358.49,390.56,424.52,460.37,498.08,537.62,578.92,620.42,661.71,702.32,741.80,779.65,815.38,848.52,878.59,905.17,927.86,946.32,960.26,969.45
12,29587.86,28578.72,27576.70,26591.10,25773.81,24988.86,24229.89,23475.50,22731.64,22000.02,21285.75,20585.63,19900.63,19231.39,18596.35,18017.77,17457.00,16914.31,16378.26,15856.85,15328.47,14793.07,14227.58,13641.83,13048.17,12446.47,11823.47,11147.29,10463.17,9790.52,9170.09,8563.26,8038.00,7524.22,7048.56,6577.12,6109.14,5640.42,5173.12,4708.01,4230.79,3757.46,3298.42,2857.82,2442.07,2047.92,1684.74,1351.97,1052.09,786.81,559.26,369.84,219.05,107.08,34.03
12.12,10.00,11.48,13.15,15.01,17.06,19.28,21.68,24.34,27.27,30.50,34.04,37.91,42.11,46.65,51.55,56.81,62.43,68.40,74.73,81.41,88.78,96.94,105.98,116.01,127.14,139.50,153.27,168.59,185.69,204.77,226.11,249.13,273.88,300.44,328.82,359.08,391.23,425.28,461.23,499.05,538.71,580.14,621.78,663.20,703.95,743.56,781.55,817.41,850.67,880.86,907.54,930.32,948.84,962.83,972.07
