Month,0.0125,0.01434,0.016404,0.018694,0.021206,0.02393,0.026849,0.030074,0.033623,0.037515,0.041764,0.046384,0.051386,0.05678,0.06257,0.06876,0.075347,0.082325,0.089684,0.097408,0.105909,0.115273,0.125596,0.136986,0.149561,0.163458,0.178827,0.195837,0.214679,0.235567,0.258743,0.283548,0.310015,0.338169,0.368022,0.399577,0.432822,0.467732,0.504269,0.542379,0.581991,0.623018,0.663901,0.704243,0.743627,0.781631,0.817824,0.851783,0.883096,0.911374,0.936255,0.957414,0.974571,0.987495,0.99601
1,29137.81,28235.85,27346.67,26477.43,25471.53,24493.01,23675.78,22922.96,22179.80,21459.43,20821.11,20198.02,19590.91,19000.22,18425.83,17866.97,17325.76,16802.41,16276.53,15762.06,15240.78,14712.63,14149.93,13564.57,12971.28,12369.95,11749.76,11084.90,10412.15,9753.20,9153.20,8565.69,8055.49,7555.28,7084.08,6616.45,6151.61,5682.02,5212.48,4744.94,4264.74,3788.33,3325.95,2881.94,2462.93,2065.98,1700.05,1364.53,1062.05,794.60,565.07,373.91,221.59,108.36,34.45
1.1,10.00,11.48,13.15,15.01,17.06,19.28,21.68,24.34,27.27,30.51,34.05,37.91,42.11,46.65,51.55,56.81,62.43,68.41,74.74,81.41,88.79,96.95,105.99,116.02,127.15,139.52,153.28,168.61,185.71,204.80,226.14,249.17,273.93,300.49,328.88,359.15,391.31,425.37,461.33,499.17,538.84,580.28,621.93,663.37,704.14,743.77,781.77,817.65,850.92,881.12,907.82,930.60,949.14,963.14,972.37
2,30015.66,28948.20,27885.12,26835.71,25823.34,24838.86,23993.95,23202.45,22419.59,21661.21,20998.41,20350.52,19718.35,19102.42,18506.28,17933.65,17378.74,16841.79,16309.59,15791.43,15266.35,14734.29,14170.01,13584.66,12991.37,12390.03,11770.33,11108.93,10439.61,9783.37,9181.35,8591.87,8075.99,7570.00,7092.62,6619.36,6149.46,5676.71,5205.02,4735.76,4254.44,3777.55,3315.26,2872.13,2453.98,2058.59,1694.06,1360.01,1059.01,792.98,564.32,373.64,221.53,108.37,34.46
2.2,10.00,11.48,13.15,15.01,17.06,19.29,21.68,24.34,27.28,30.51,34.05,37.92,42.12,46.67,51.57,56.83,62.45,68.43,74.77,81.45,88.83,97.00,106.04,116.08,127.22,139.60,153.38,168.73,185.85,204.96,226.33,249.38,274.18,300.78,329.21,359.53,391.74,425.87,461.89,499.80,539.54,581.07,622.81,664.34,705.19,744.91,783.00,818.96,852.31,882.59,909.35,932.19,950.77,964.80,974.07
3,30022.46,29074.66,28138.78,27222.64,26236.08,25278.81,24444.87,23657.64,22879.97,22124.66,21448.40,20787.38,20142.44,19514.08,18902.75,18308.34,17732.03,17174.12,16619.96,16079.92,15532.44,14977.49,14394.36,13792.29,13182.00,12563.42,11924.15,11236.49,10540.81,9862.20,9248.94,8648.69,8131.71,7624.67,7148.08,6675.21,6205.26,5730.99,5257.13,4785.35,4300.96,3820.70,3354.61,2907.46,2485.12,2085.35,1716.57,1378.53,1073.83,804.39,572.67,379.35,225.00,110.08,35.01
3.3,10.00,11.48,13.15,15.01,17.06,19.29,21.68,24.34,27.28,30.51,34.05,37.92,42.12,46.67,51.57,56.83,62.46,68.44,74.78,81.45,88.84,97.01,106.06,116.10,127.24,139.62,153.41,168.76,185.88,205.00,226.37,249.43,274.24,300.85,329.30,359.62,391.85,425.99,462.03,499.95,539.71,581.26,623.02,664.57,705.45,745.19,783.30,819.28,852.65,882.94,909.72,932.58,951.17,965.21,974.48
4,30688.54,29630.41,28578.95,27543.18,26504.80,25495.12,24627.96,23815.49,23011.92,22232.72,21548.24,20878.98,20225.80,19589.21,18974.08,18385.81,17815.71,17264.06,16708.86,16165.17,15613.99,15055.29,14468.35,13862.01,13247.42,12624.48,11984.02,11303.78,10615.50,9942.49,9334.03,8738.12,8218.77,7709.52,7229.00,6752.10,6278.01,5797.75,5317.22,4838.97,4347.70,3860.56,3388.67,2936.05,2509.14,2105.64,1733.38,1392.82,1085.94,814.39,580.36,384.74,228.33,111.76,35.55
4.4,10.00,11.48,13.15,15.01,17.06,19.28,21.68,24.34,27.27,30.50,34.04,37.91,42.11,46.65,51.55,56.81,62.43,68.40,74.73,81.40,88.78,96.94,105.98,116.00,127.13,139.50,153.26,168.59,185.68,204.76,226.10,249.11,273.87,300.42,328.80,359.06,391.20,425.25,461.20,499.01,538.66,580.09,621.72,663.14,703.88,743.49,781.47,817.32,850.58,880.76,907.44,930.21,948.74,962.72,971.96
5,31497.88,30385.53,29278.34,28185.87,27100.31,26043.53,25133.95,24280.04,23434.22,22613.82,21897.72,21196.60,20511.41,19842.74,19196.56,18579.56,17980.96,17401.10,16828.13,16270.48,15704.98,15131.58,14535.90,13924.12,13303.99,12675.43,12030.71,11351.17,10663.55,9993.48,9394.74,8807.86,8300.53,7802.06,7324.15,6849.05,6375.88,5891.01,5404.02,4919.14,4419.54,3924.19,3444.16,2983.71,2549.55,2139.73,1761.58,1415.93,1104.56,828.95,591.11,392.08,232.80,113.99,36.27
5.5,10.00,11.48,13.15,15.01,17.06,19.28,21.68,24.34,27.27,30.50,34.04,37.91,42.11,46.65,51.55,56.81,62.43,68.41,74.74,81.41,88.78,96.94,105.99,116.01,127.14,139.51,153.27,168.60,185.70,204.78,226.12,249.14,273.90,300.45,328.84,359.11,391.26,425.32,461.27,499.10,538.76,580.19,621.83,663.26,704.02,743.64,781.63,817.50,850.76,880.96,907.64,930.42,948.95,962.94,972.18
6,32089.64,30921.48,29756.21,28604.05,27495.29,26415.49,25481.29,24601.04,23728.37,22882.29,22147.29,21427.17,20722.92,20035.16,19373.75,18749.69,18144.16,17557.54,16985.56,16431.64,15870.06,15300.77,14704.68,14090.47,13467.88,12836.82,12186.73,11494.94,10794.93,10119.69,9530.09,8951.49,8455.97,7966.63,7487.35,7010.08,6533.81,6039.68,5542.20,5046.38,4534.43,4027.08,3534.88,3063.13,2617.79,2197.52,1809.57,1454.61,1134.73,851.54,607.12,402.54,238.88,116.90,37.16
6.6,10.00,11.48,13.15,15.01,17.06,19.29,21.69,24.34,27.28,30.51,34.06,37.92,42.13,46.68,51.58,56.85,62.47,68.46,74.80,81.48,88.87,97.04,106.10,116.14,127.29,139.69,153.48,168.84,185.98,205.11,226.51,249.59,274.42,301.06,329.54,359.90,392.17,426.35,462.44,500.41,540.23,581.84,623.66,665.28,706.22,746.03,784.20,820.24,853.67,884.02,910.84,933.74,952.37,966.43,975.72
7,32176.69,31001.38,29828.79,28669.20,27562.95,26485.87,25549.30,24664.40,23787.04,22935.18,22189.26,21458.03,20742.52,20043.39,19370.64,18735.60,18119.10,17521.56,16951.59,16403.88,15848.70,15285.98,14711.68,14127.52,13535.56,12935.62,12313.00,11635.12,10948.94,10281.87,9686.81,9102.70,8606.45,8116.07,7626.53,7139.15,6652.94,6146.91,5637.09,5129.74,4607.87,4090.98,3590.76,3111.77,2659.70,2233.16,1839.26,1478.73,1153.67,865.71,617.16,409.10,242.70,118.72,37.75
7.7,10.00,11.48,13.15,15.01,17.06,19.29,21.68,24.34,27.28,30.51,34.05,37.92,42.12,46.67,51.57,56.83,62.46,68.44,74.78,81.46,88.84,97.01,106.06,116.10,127.24,139.63,153.41,168.76,185.89,205.01,226.38,249.44,274.25,300.86,329.31,359.64,391.87,426.01,462.05,499.98,539.75,581.30,623.06,664.61,705.50,745.24,783.35,819.34,852.71,883.01,909.79,932.65,951.24,965.29,974.55
8,31746.37,30618.99,29496.43,28388.42,27299.63,26239.94,25323.37,24460.48,23605.65,22776.61,22054.15,21346.76,20655.38,19980.63,19328.85,18707.26,18104.19,17519.99,16949.44,16396.52,15835.97,15267.74,14686.15,14093.55,13493.01,12884.35,12253.08,11564.37,10867.43,10195.10,9616.73,9048.53,8561.79,8081.15,7594.99,7110.84,6627.71,6124.47,5616.60,5111.18,4590.70,4074.91,3576.24,3098.62,2648.19,2223.08,1830.64,1471.39,1147.48,860.63,613.34,406.55,241.22,118.06,37.56
8.8,10.00,11.48,13.15,15.01,17.06,19.28,21.68,24.34,27.27,30.50,34.04,37.91,42.11,46.65,51.55,56.81,62.43,68.40,74.73,81.41,88.78,96.94,105.98,116.01,127.14,139.50,153.27,168.59,185.69,204.77,226.11,249.13,273.89,300.44,328.82,359.08,391.23,425.29,461.23,499.06,538.71,580.14,621.78,663.20,703.96,743.57,781.55,817.42,850.68,880.87,907.55,930.32,948.85,962.84,972.08
9,30855.25,29851.44,28857.93,27882.90,26816.99,25779.65,24891.24,24059.46,23236.19,22438.26,21739.95,21056.78,20389.63,19739.07,19111.40,18513.42,17933.73,17372.61,16808.70,16257.09,15697.79,15130.74,14544.74,13944.90,13336.92,12720.69,12083.40,11398.23,10704.92,10039.57,9467.16,8904.94,8420.04,7939.98,7461.09,6984.32,6508.69,6014.59,5517.37,5021.96,4511.06,4005.03,3514.55,3044.91,2601.59,2183.20,1797.20,1443.63,1125.08,843.48,601.02,398.53,236.63,115.89,36.87
9.9,10.00,11.48,13.15,15.01,17.06,19.29,21.69,24.35,27.28,30.52,34.06,37.93,42.13,46.68,51.59,56.85,62.48,68.47,74.81,81.49,88.88,97.06,106.12,116.17,127.32,139.72,153.52,168.89,186.04,205.18,226.59,249.68,274.53,301.18,329.68,360.06,392.35,426.56,462.67,500.68,540.53,582.17,624.03,665.68,706.67,746.51,784.72,820.80,854.26,884.64,911.49,934.41,953.06,967.14,976.43
10,29811.74,28934.76,28073.76,27235.52,26209.22,25211.31,24362.28,23571.39,22789.81,22030.92,21355.38,20694.98,20050.57,19422.66,18815.57,18234.05,17670.56,17125.35,16573.96,16033.06,15484.69,14928.81,14344.87,13741.60,13130.10,12510.29,11876.67,11215.64,10546.62,9896.53,9323.09,8760.24,8263.83,7775.21,7299.77,6827.06,6356.17,5872.97,5387.35,4903.84,4405.96,3912.20,3433.80,2974.83,2542.04,2133.02,1755.73,1410.56,1099.54,824.60,587.73,389.82,231.49,113.38,36.08
10.10,10.00,11.48,13.15,15.01,17.06,19.28,21.68,24.34,27.27,30.50,34.04,37.91,42.10,46.65,51.55,56.80,62.42,68.40,74.73,81.40,88.77,96.93,105.97,115.99,127.12,139.48,153.24,168.56,185.65,204.73,226.06,249.07,273.82,300.36,328.74,358.98,391.12,425.16,461.09,498.89,538.53,579.94,621.55,662.95,703.68,743.28,781.24,817.08,850.32,880.49,907.15,929.91,948.43,962.41,971.64
11,29217.58,28270.02,27332.63,26413.23,25413.42,24441.06,23632.75,22890.67,22158.62,21447.92,20810.05,20187.41,19580.77,18990.55,18417.86,17863.46,17326.71,16807.80,16278.58,15757.90,15230.24,14695.52,14124.33,13528.87,12925.29,12313.52,11689.08,11040.39,10383.84,9744.57,9179.29,8624.48,8129.76,7643.30,7172.83,6705.34,6239.97,5764.95,5288.12,4813.39,4325.35,3841.05,3371.77,2921.21,2496.44,2094.76,1724.24,1385.20,1079.58,809.32,576.58,382.17,226.81,110.94,35.27
11.11,10.00,11.48,13.15,15.01,17.05,19.28,21.68,24.34,27.27,30.50,34.04,37.90,42.10,46.64,51.54,56.79,62.41,68.38,74.70,81.37,88.74,96.89,105.92,115.94,127.06,139.41,153.16,168.47,185.54,204.60,225.91,248.90,273.61,300.12,328.46,358.67,390.76,424.75,460.63,498.37,537.94,579.28,620.83,662.15,702.81,742.33,780.22,815.99,849.16,879.27,905.88,928.60,947.07,961.03,970.23
12,29742.66,28675.56,27612.52,26562.75,25554.38,24573.61,23741.57,22968.13,22203.71,21462.53,20811.49,20175.41,19555.09,18951.00,18364.85,17798.22,17249.20,16718.05,16188.19,15670.68,15146.23,14614.79,14054.72,13474.42,12886.29,12290.22,11679.78,11036.77,10385.93,9744.56,9156.39,8580.04,8065.38,7561.55,7085.52,6613.81,6145.33,5674.06,5203.23,4734.71,4255.26,3779.05,3318.17,2875.33,2457.99,2063.20,1698.82,1365.25,1064.19,797.70,568.16,376.41,223.27,109.14,34.67
12.12,10.00,11.48,13.15,15.01,17.05,19.28,21.68,24.33,27.26,30.49,34.03,37.88,42.08,46.62,51.51,56.76,62.37,68.33,74.65,81.31,88.67,96.81,105.83,115.83,126.92,139.26,152.98,168.26,185.30,204.31,225.57,248.50,273.16,299.59,327.85,357.97,389.97,423.85,459.60,497.22,536.65,577.84,619.22,660.39,700.88,740.24,777.96,813.58,846.61,876.59,903.08,925.69,944.08,957.97,967.13
