Month,0.0125,0.01434,0.016404,0.018694,0.021206,0.02393,0.026849,0.030074,0.033623,0.037515,0.041764,0.046384,0.051386,0.05678,0.06257,0.06876,0.075347,0.082325,0.089684,0.097408,0.105909,0.115273,0.125596,0.136986,0.149561,0.163458,0.178827,0.195837,0.214679,0.235567,0.258743,0.283548,0.310015,0.338169,0.368022,0.399577,0.432822,0.467732,0.504269,0.542379,0.581991,0.623018,0.663901,0.704243,0.743627,0.781631,0.817824,0.851783,0.883096,0.911374,0.936255,0.957414,0.974571,0.987495,0.99601
1,29642.07,28657.40,27681.60,26723.46,25867.79,25043.80,24258.08,23481.63,22714.92,21965.19,21264.30,20577.85,19906.79,19251.70,18626.95,18050.30,17491.50,16950.81,16413.16,15888.83,15357.47,14819.01,14249.84,13659.62,13061.41,12455.11,11827.97,11146.96,10458.04,9779.87,9155.02,8544.07,8020.64,7509.31,7038.17,6570.86,6106.62,5639.89,5173.73,4709.58,4233.43,3760.64,3302.39,2862.14,2446.80,2052.98,1689.76,1356.75,1056.22,790.02,561.62,371.44,220.02,107.20,33.97
1.1,10.00,11.48,13.15,15.01,17.05,19.28,21.68,24.34,27.27,30.50,34.04,37.90,42.09,46.64,51.53,56.79,62.40,68.37,74.70,81.36,88.73,96.88,105.91,115.92,127.04,139.39,153.13,168.44,185.51,204.56,225.86,248.84,273.55,300.05,328.37,358.57,390.65,424.62,460.48,498.20,537.76,579.07,620.59,661.90,702.53,742.02,779.89,815.64,848.79,878.88,905.47,928.17,946.64,960.58,969.78
2,29997.63,28981.39,27972.75,26980.82,26090.64,25231.73,24432.69,23652.51,22882.15,22130.42,21435.60,20755.57,20091.24,19443.18,18823.50,18246.34,17687.20,17146.33,16603.21,16072.00,15533.64,14988.07,14407.27,13803.51,13191.53,12571.22,11930.76,11242.74,10546.71,9861.12,9222.83,8599.03,8063.61,7540.42,7061.91,6587.80,6117.37,5648.36,5181.38,4716.44,4239.79,3766.91,3307.93,2867.31,2451.08,2056.43,1692.48,1358.69,1057.75,791.50,562.89,372.42,220.66,107.90,34.30
2.2,10.00,11.48,13.15,15.01,17.06,19.29,21.68,24.34,27.28,30.51,34.05,37.91,42.11,46.66,51.56,56.82,62.44,68.42,74.76,81.43,88.81,96.98,106.02,116.06,127.19,139.57,153.34,168.68,185.79,204.90,226.26,249.30,274.08,300.66,329.08,359.38,391.57,425.67,461.67,499.54,539.26,580.75,622.46,663.95,704.77,744.45,782.51,818.43,851.75,882.00,908.73,931.55,950.12,964.13,973.39
3,30129.89,29132.74,28144.64,27174.12,26195.35,25245.98,24400.59,23592.52,22793.12,22016.53,21325.70,20649.59,19989.10,19344.80,18729.28,18157.08,17602.81,17066.70,16530.79,16007.57,15477.41,14940.24,14366.74,13769.98,13165.10,12552.01,11917.32,11231.20,10537.07,9855.81,9227.48,8613.07,8085.23,7568.62,7090.72,6617.00,6146.72,5675.30,5205.30,4737.47,4257.57,3781.83,3320.13,2877.24,2458.95,2062.88,1697.67,1363.01,1061.47,794.93,565.81,374.75,222.26,108.74,34.58
3.3,10.00,11.48,13.15,15.01,17.06,19.29,21.68,24.34,27.28,30.51,34.05,37.92,42.12,46.67,51.57,56.83,62.46,68.44,74.78,81.46,88.84,97.01,106.06,116.10,127.24,139.63,153.41,168.76,185.89,205.00,226.38,249.44,274.25,300.86,329.31,359.64,391.87,426.01,462.05,499.97,539.74,581.29,623.06,664.61,705.49,745.24,783.35,819.33,852.71,883.00,909.78,932.64,951.23,965.28,974.54
4,31175.71,30079.18,28987.85,27911.36,26886.48,25891.25,24985.64,24108.83,23238.91,22395.90,21668.51,20955.47,20257.78,19576.09,18926.59,18327.58,17746.67,17184.18,16628.19,16087.34,15539.03,14983.21,14398.73,13795.35,13183.73,12563.77,11925.40,11247.51,10561.59,9893.46,9289.15,8697.25,8184.84,7681.24,7204.93,6732.00,6261.60,5784.36,5306.98,4831.21,4341.79,3856.63,3385.59,2934.07,2507.52,2104.41,1732.46,1391.83,1084.93,813.56,579.71,384.28,228.03,111.60,35.44
4.4,10.00,11.48,13.15,15.01,17.06,19.29,21.69,24.35,27.28,30.52,34.06,37.93,42.13,46.68,51.59,56.86,62.48,68.47,74.81,81.50,88.89,97.07,106.13,116.18,127.33,139.73,153.53,168.91,186.05,205.20,226.61,249.71,274.56,301.22,329.72,360.11,392.41,426.62,462.74,500.76,540.62,582.28,624.15,665.81,706.80,746.66,784.88,820.97,854.44,884.83,911.69,934.62,953.27,967.35,976.65
5,31780.25,30660.33,29545.66,28446.06,27399.57,26383.28,25454.56,24553.32,23658.80,22791.38,22042.41,21307.85,20588.74,19885.77,19214.90,18594.57,17992.63,17409.44,16834.51,16275.51,15708.60,15133.74,14532.02,13911.95,13283.36,12646.19,11993.79,11311.33,10620.79,9951.80,9360.63,8780.95,8280.16,7787.05,7312.45,6840.43,6370.07,5887.39,5402.68,4919.71,4421.14,3926.95,3447.41,2987.55,2553.38,2143.18,1764.61,1418.20,1106.04,829.79,591.51,392.18,232.75,113.92,36.24
5.5,10.00,11.48,13.15,15.01,17.06,19.29,21.68,24.34,27.28,30.51,34.05,37.92,42.12,46.67,51.57,56.84,62.46,68.45,74.78,81.46,88.85,97.02,106.07,116.11,127.26,139.65,153.43,168.79,185.91,205.04,226.42,249.49,274.30,300.92,329.38,359.72,391.96,426.11,462.17,500.11,539.89,581.46,623.25,664.82,705.72,745.48,783.61,819.62,853.01,883.32,910.11,932.98,951.59,965.64,974.91
6,32283.14,31116.48,29953.36,28804.10,27737.12,26700.56,25749.34,24824.01,23904.95,23013.92,22249.11,21498.64,20763.60,20044.72,19359.57,18728.71,18116.38,17522.97,16942.96,16380.65,15810.38,15232.13,14630.70,14012.85,13386.54,12751.70,12100.27,11413.96,10719.51,10047.32,9456.72,8877.36,8383.10,7895.79,7419.71,6945.71,6472.83,5983.53,5490.87,5000.04,4493.33,3991.00,3504.24,3037.62,2597.00,2180.90,1796.52,1444.50,1127.00,845.75,602.99,399.80,237.25,116.11,36.93
6.6,10.00,11.48,13.15,15.01,17.06,19.29,21.68,24.34,27.28,30.51,34.05,37.92,42.12,46.67,51.57,56.83,62.45,68.44,74.77,81.45,88.83,97.00,106.05,116.08,127.23,139.61,153.39,168.74,185.86,204.97,226.34,249.40,274.20,300.80,329.24,359.56,391.78,425.90,461.93,499.84,539.59,581.13,622.87,664.41,705.27,744.99,783.09,819.06,852.41,882.69,909.46,932.30,950.89,964.92,974.19
7,32387.61,31213.93,30043.64,28887.17,27823.60,26790.73,25838.34,24909.70,23987.36,23091.90,22316.74,21555.79,20810.18,20080.63,19385.86,18748.04,18128.79,17528.52,16951.07,16394.43,15830.03,15257.83,14669.28,14068.04,13458.69,12841.09,12204.21,11522.38,10832.32,10161.67,9566.51,8982.60,8489.91,8004.11,7524.96,7047.56,6570.92,6074.22,5572.94,5073.69,4558.57,4047.93,3553.55,3079.73,2632.59,2210.43,1820.57,1463.70,1141.91,856.76,610.72,404.82,240.17,117.51,37.37
7.7,10.00,11.48,13.15,15.01,17.06,19.29,21.68,24.34,27.28,30.51,34.05,37.91,42.11,46.66,51.56,56.82,62.44,68.42,74.75,81.43,88.80,96.97,106.01,116.04,127.18,139.55,153.32,168.66,185.77,204.87,226.22,249.26,274.04,300.61,329.02,359.31,391.49,425.58,461.57,499.43,539.13,580.61,622.30,663.78,704.58,744.25,782.29,818.20,851.51,881.74,908.46,931.27,949.83,963.84,973.08
8,31934.97,30800.70,29671.27,28556.65,27514.47,26502.89,25572.92,24667.85,23769.59,22897.64,22140.92,21398.60,20671.73,19961.03,19283.63,18660.03,18054.90,17468.62,16896.89,16343.11,15781.63,15212.41,14629.69,14035.90,13434.12,12824.21,12192.64,11507.27,10813.70,10139.35,9541.30,8954.71,8463.44,7979.48,7502.09,7026.42,6551.46,6056.44,5556.62,5058.83,4544.71,4035.04,3541.95,3069.47,2623.70,2202.84,1814.21,1458.37,1137.48,853.22,608.10,403.10,239.20,117.08,37.24
8.8,10.00,11.48,13.15,15.01,17.06,19.28,21.68,24.34,27.27,30.51,34.05,37.91,42.11,46.65,51.55,56.81,62.43,68.41,74.74,81.41,88.79,96.95,105.99,116.02,127.15,139.52,153.29,168.62,185.72,204.81,226.15,249.17,273.94,300.50,328.89,359.16,391.32,425.39,461.35,499.18,538.86,580.30,621.96,663.40,704.17,743.80,781.80,817.68,850.96,881.16,907.86,930.65,949.18,963.18,972.42
9,31022.65,30005.52,28998.36,28009.77,26992.30,26004.93,25110.34,24246.70,23390.72,22559.51,21830.16,21115.37,20416.15,19733.12,19082.94,18485.22,17905.76,17344.87,16783.13,16234.06,15677.37,15113.01,14526.29,13923.64,13312.81,12693.68,12055.60,11374.04,10684.37,10015.20,9423.69,8843.54,8349.46,7862.73,7388.89,6917.10,6446.39,5959.31,5468.74,4979.95,4474.78,3973.98,3488.51,3022.97,2583.59,2168.24,1785.01,1434.14,1117.96,838.46,597.64,396.39,235.38,115.28,36.68
9.9,10.00,11.48,13.15,15.01,17.06,19.29,21.68,24.34,27.28,30.51,34.05,37.91,42.11,46.66,51.56,56.82,62.45,68.43,74.76,81.44,88.82,96.98,106.03,116.06,127.20,139.58,153.35,168.70,185.81,204.91,226.27,249.32,274.10,300.69,329.11,359.42,391.61,425.72,461.72,499.61,539.33,580.83,622.55,664.05,704.88,744.57,782.63,818.56,851.89,882.15,908.88,931.71,950.28,964.30,973.55
10,29970.50,29067.29,28178.72,27312.12,26345.22,25408.32,24565.78,23756.45,22956.01,22176.35,21470.14,20778.52,20102.43,19442.45,18813.24,18232.00,17668.77,17123.81,16573.22,16033.50,15486.33,14931.67,14351.91,13754.76,13149.48,12535.99,11905.52,11237.84,10562.15,9905.17,9320.35,8746.77,8243.73,7748.76,7270.93,6796.22,6323.77,5841.40,5357.75,4876.32,4381.16,3890.39,3414.87,2959.00,2528.79,2122.15,1746.99,1403.41,1093.74,819.90,584.17,387.38,230.01,112.65,35.85
10.10,10.00,11.48,13.15,15.01,17.06,19.29,21.68,24.34,27.28,30.51,34.05,37.91,42.11,46.66,51.56,56.82,62.45,68.43,74.76,81.44,88.81,96.98,106.03,116.06,127.20,139.58,153.35,168.69,185.80,204.91,226.27,249.31,274.10,300.68,329.11,359.41,391.61,425.71,461.71,499.60,539.32,580.82,622.53,664.03,704.86,744.55,782.61,818.54,851.87,882.12,908.86,931.68,950.25,964.27,973.52
11,29663.17,28696.41,27739.63,26801.21,25887.63,25004.41,24196.30,23413.57,22640.20,21885.96,21194.22,20517.03,19855.28,19209.55,18593.82,18024.91,17473.81,16940.75,16404.65,15879.87,15348.03,14809.07,14244.06,13660.99,13070.06,12471.14,11851.09,11177.82,10496.60,9830.45,9228.67,8639.30,8124.95,7620.68,7143.69,6670.47,6200.25,5725.72,5251.43,4779.34,4295.15,3814.80,3349.30,2902.56,2481.06,2082.39,1714.48,1377.52,1073.69,804.82,573.31,379.97,225.49,110.38,35.12
11.11,10.00,11.48,13.15,15.01,17.06,19.28,21.68,24.34,27.27,30.50,34.04,37.91,42.10,46.65,51.55,56.80,62.42,68.40,74.73,81.40,88.77,96.93,105.97,115.99,127.11,139.48,153.24,168.56,185.65,204.73,226.06,249.07,273.81,300.35,328.73,358.97,391.11,425.14,461.07,498.87,538.51,579.91,621.52,662.92,703.65,743.23,781.19,817.03,850.27,880.43,907.10,929.86,948.37,962.35,971.58
12,29566.65,28545.08,27529.92,26530.26,25635.52,24771.11,23985.53,23227.87,22480.22,21750.74,21075.80,20415.65,19771.13,19142.78,18542.95,17987.01,17448.84,16928.63,16403.42,15888.48,15366.80,14838.32,14280.81,13703.20,13117.86,12524.63,11910.34,11240.12,10561.92,9890.68,9261.44,8646.11,8109.40,7585.23,7103.72,6626.74,6153.47,5681.08,5210.52,4742.13,4261.94,3785.20,3323.32,2879.60,2461.28,2065.20,1699.87,1365.24,1063.32,796.02,566.32,374.84,222.20,108.49,34.44
12.12,10.00,11.48,13.15,15.01,17.05,19.28,21.68,24.33,27.27,30.50,34.03,37.89,42.09,46.63,51.52,56.78,62.39,68.36,74.68,81.35,88.71,96.86,105.89,115.90,127.01,139.35,153.09,168.39,185.45,204.49,225.78,248.74,273.44,299.92,328.23,358.40,390.45,424.40,460.23,497.92,537.44,578.72,620.20,661.47,702.06,741.51,779.34,815.05,848.17,878.22,904.79,927.46,945.91,959.83,969.03
