Month,0.0125,0.01434,0.016404,0.018694,0.021206,0.02393,0.026849,0.030074,0.033623,0.037515,0.041764,0.046384,0.051386,0.05678,0.06257,0.06876,0.075347,0.082325,0.089684,0.097408,0.105909,0.115273,0.125596,0.136986,0.149561,0.163458,0.178827,0.195837,0.214679,0.235567,0.258743,0.283548,0.310015,0.338169,0.368022,0.399577,0.432822,0.467732,0.504269,0.542379,0.581991,0.623018,0.663901,0.704243,0.743627,0.781631,0.817824,0.851783,0.883096,0.911374,0.936255,0.957414,0.974571,0.987495,0.99601
1,29804.01,28817.89,27840.84,26881.84,26055.25,25261.35,24490.58,23722.85,22965.55,22222.56,21509.22,20810.37,20126.96,19459.62,18824.59,18241.34,17676.13,17129.21,16590.82,16067.84,15537.97,15001.14,14432.60,13842.93,13245.32,12639.62,12010.11,11319.19,10620.21,9927.95,9273.09,8633.56,8082.68,7545.34,7056.59,6573.26,6094.70,5621.89,5152.93,4686.67,4210.85,3739.12,3282.02,2843.55,2429.87,2038.09,1676.97,1345.93,1047.52,783.36,556.82,368.26,218.13,106.64,33.89
1.1,10.00,11.48,13.15,15.01,17.06,19.28,21.68,24.34,27.27,30.50,34.04,37.91,42.11,46.65,51.55,56.81,62.43,68.41,74.74,81.41,88.78,96.95,105.99,116.01,127.14,139.51,153.28,168.61,185.70,204.79,226.13,249.15,273.91,300.46,328.86,359.12,391.28,425.33,461.29,499.12,538.78,580.22,621.86,663.29,704.06,743.68,781.67,817.54,850.81,881.00,907.69,930.47,949.01,963.00,972.24
2,29898.79,28885.30,27879.52,26890.48,26011.32,25163.60,24367.58,23586.78,22815.73,22062.54,21363.26,20678.61,20009.52,19356.55,18735.00,18163.89,17610.74,17075.77,16543.13,16023.51,15497.09,14963.80,14404.83,13827.76,13242.99,12650.35,12032.09,11341.79,10643.44,9947.12,9275.89,8620.92,8059.81,7513.78,7027.19,6546.02,6069.57,5600.08,5134.73,4671.77,4198.73,3729.19,3274.05,2836.73,2424.39,2033.28,1672.85,1342.78,1045.15,781.88,555.93,367.80,217.95,106.24,33.68
2.2,10.00,11.48,13.15,15.01,17.05,19.28,21.68,24.33,27.27,30.50,34.03,37.90,42.09,46.63,51.53,56.78,62.39,68.37,74.69,81.35,88.72,96.87,105.90,115.91,127.02,139.37,153.11,168.41,185.47,204.52,225.82,248.79,273.49,299.98,328.29,358.47,390.54,424.50,460.34,498.05,537.58,578.88,620.38,661.66,702.27,741.74,779.59,815.32,848.45,878.52,905.10,927.79,946.24,960.17,969.37
3,30217.42,29159.21,28106.53,27068.86,26139.12,25239.85,24410.66,23603.88,22805.87,22028.14,21322.28,20630.81,19954.68,19294.50,18667.73,18095.40,17540.96,17004.63,16473.93,15957.50,15434.32,14904.33,14348.38,13774.61,13193.17,12603.89,11988.00,11300.46,10604.87,9916.12,9265.28,8629.55,8088.16,7559.82,7079.92,6604.44,6132.68,5662.61,5194.64,4728.66,4250.47,3775.96,3315.48,2873.24,2455.88,2060.75,1696.27,1362.22,1061.01,794.39,565.28,374.25,221.86,108.51,34.50
3.3,10.00,11.48,13.15,15.01,17.06,19.28,21.68,24.34,27.27,30.50,34.04,37.91,42.11,46.65,51.55,56.81,62.43,68.40,74.73,81.41,88.78,96.94,105.98,116.01,127.14,139.50,153.27,168.59,185.69,204.78,226.11,249.13,273.89,300.44,328.82,359.08,391.24,425.29,461.24,499.06,538.71,580.14,621.78,663.20,703.96,743.57,781.56,817.42,850.68,880.87,907.55,930.33,948.85,962.85,972.08
4,31190.63,30115.50,29047.01,27994.88,27051.05,26139.12,25277.48,24428.59,23588.20,22768.06,22019.46,21285.24,20566.44,19863.75,19194.97,18580.63,17984.66,17407.41,16842.13,16293.90,15738.11,15174.71,14592.21,13995.76,13391.25,12778.55,12142.30,11449.13,10747.78,10054.78,9400.96,8762.09,8215.82,7681.82,7192.86,6708.55,6228.15,5749.60,5273.39,4799.30,4313.46,3831.78,3364.34,2916.06,2492.57,2091.97,1722.31,1383.74,1078.62,808.76,576.25,381.94,226.62,110.89,35.26
4.4,10.00,11.48,13.15,15.01,17.06,19.29,21.69,24.34,27.28,30.51,34.06,37.92,42.12,46.67,51.58,56.84,62.47,68.45,74.79,81.47,88.85,97.03,106.08,116.12,127.27,139.66,153.45,168.81,185.94,205.07,226.46,249.53,274.35,300.98,329.45,359.80,392.05,426.21,462.28,500.24,540.04,581.62,623.42,665.01,705.93,745.71,783.86,819.88,853.28,883.61,910.42,933.30,951.91,965.97,975.25
5,31732.08,30619.36,29512.31,28420.78,27410.89,26432.13,25515.48,24615.18,23721.78,22853.21,22090.64,21342.26,20609.15,19892.02,19211.00,18590.06,17987.51,17403.74,16830.55,16273.98,15709.58,15137.32,14543.81,13934.87,13317.64,12692.02,12048.44,11364.44,10672.35,9993.64,9371.95,8763.46,8243.93,7734.63,7256.63,6781.84,6309.43,5829.38,5348.49,4869.53,4376.19,3886.92,3412.62,2957.62,2528.22,2122.65,1748.16,1405.41,1096.40,822.75,586.63,389.04,230.94,113.06,35.97
5.5,10.00,11.48,13.15,15.01,17.06,19.29,21.68,24.34,27.28,30.51,34.05,37.91,42.11,46.66,51.56,56.82,62.44,68.42,74.75,81.42,88.80,96.97,106.01,116.04,127.18,139.55,153.32,168.66,185.76,204.86,226.21,249.25,274.02,300.60,329.01,359.29,391.47,425.56,461.54,499.41,539.10,580.58,622.26,663.74,704.54,744.20,782.23,818.14,851.45,881.68,908.39,931.20,949.76,963.77,973.01
6,32349.81,31175.52,30004.51,28847.26,27799.52,26782.80,25829.91,24893.05,23962.16,23058.07,22275.51,21506.94,20753.49,20015.94,19317.47,18685.84,18072.71,17478.49,16900.12,16340.22,15772.42,15196.69,14599.55,13986.84,13365.77,12736.26,12090.03,11407.60,10717.03,10045.03,9446.09,8858.89,8355.88,7861.11,7385.18,6911.53,6439.19,5952.38,5462.49,4974.38,4470.23,3970.26,3485.55,3020.56,2581.79,2167.42,1784.87,1434.90,1119.46,840.13,599.04,397.24,235.77,115.40,36.71
6.6,10.00,11.48,13.15,15.01,17.06,19.29,21.68,24.34,27.28,30.51,34.05,37.91,42.11,46.66,51.56,56.82,62.44,68.42,74.75,81.42,88.80,96.96,106.01,116.04,127.17,139.55,153.32,168.65,185.76,204.85,226.21,249.24,274.01,300.58,328.99,359.27,391.45,425.54,461.52,499.37,539.07,580.54,622.22,663.69,704.49,744.15,782.17,818.08,851.38,881.60,908.32,931.12,949.68,963.68,972.93
7,32461.46,31282.30,30106.33,28944.16,27901.54,26890.26,25936.11,24994.93,24059.71,23150.43,22357.32,21578.06,20813.81,20065.40,19357.98,18721.51,18103.58,17504.60,16929.13,16374.67,15812.50,15242.59,14661.89,14071.67,13473.53,12867.31,12237.98,11551.09,10855.96,10175.90,9557.37,8951.42,8451.57,7959.68,7482.55,7007.23,6532.74,6039.77,5542.68,5047.38,4535.94,4028.81,3537.22,3065.75,2620.71,2200.37,1812.22,1456.97,1136.68,852.98,608.13,403.18,239.23,117.06,37.23
7.7,10.00,11.48,13.15,15.01,17.06,19.29,21.68,24.34,27.28,30.51,34.05,37.91,42.11,46.66,51.56,56.82,62.45,68.43,74.76,81.44,88.82,96.98,106.03,116.06,127.20,139.58,153.35,168.70,185.81,204.91,226.27,249.32,274.11,300.69,329.12,359.42,391.62,425.72,461.73,499.61,539.33,580.84,622.55,664.05,704.88,744.57,782.63,818.57,851.90,882.15,908.89,931.72,950.29,964.31,973.56
8,32031.09,30891.83,29757.29,28637.60,27613.12,26619.84,25688.74,24773.63,23865.11,22981.83,22208.32,21448.91,20704.70,19976.47,19285.43,18657.01,18047.05,17455.95,16879.84,16321.87,15756.05,15182.36,14603.63,14018.55,13425.65,12824.74,12199.17,11509.94,10812.50,10133.38,9526.78,8932.17,8436.46,7948.47,7471.53,6996.44,6522.23,6030.07,5533.78,5039.28,4528.61,4022.16,3531.42,3060.74,2616.51,2196.84,1809.31,1454.46,1134.46,851.06,606.65,402.22,238.72,116.85,37.17
8.8,10.00,11.48,13.15,15.01,17.06,19.29,21.68,24.34,27.28,30.51,34.05,37.91,42.11,46.66,51.56,56.82,62.44,68.42,74.75,81.42,88.80,96.96,106.01,116.04,127.17,139.54,153.31,168.65,185.75,204.85,226.20,249.23,274.00,300.57,328.98,359.26,391.44,425.52,461.50,499.36,539.05,580.52,622.20,663.66,704.46,744.11,782.14,818.04,851.34,881.56,908.27,931.08,949.63,963.63,972.88
9,31121.88,30078.14,29042.91,28025.22,27026.88,26059.16,25164.21,24291.03,23425.21,22583.21,21838.78,21108.58,20393.64,19694.66,19032.65,18432.41,17850.38,17286.88,16725.13,16176.92,15621.08,15057.56,14485.05,13904.03,13315.23,12718.47,12096.19,11408.70,10713.07,10033.66,9418.28,8815.62,8313.30,7819.46,7345.93,6874.68,6404.75,5921.00,5434.50,4949.63,4448.71,3951.95,3470.11,3007.88,2571.36,2158.56,1777.49,1428.44,1113.75,835.35,595.43,394.91,234.50,114.85,36.55
9.9,10.00,11.48,13.15,15.01,17.06,19.29,21.68,24.34,27.28,30.51,34.05,37.92,42.12,46.67,51.57,56.83,62.45,68.43,74.77,81.44,88.83,96.99,106.04,116.08,127.22,139.60,153.38,168.72,185.84,204.95,226.32,249.37,274.17,300.76,329.20,359.51,391.73,425.84,461.87,499.77,539.51,581.04,622.77,664.29,705.15,744.86,782.94,818.90,852.25,882.52,909.28,932.12,950.70,964.73,973.99
10,30287.18,29336.73,28398.78,27481.38,26541.39,25632.45,24787.76,23962.57,23146.04,22348.23,21613.80,20893.53,20188.43,19499.20,18847.07,18257.98,17686.95,17134.26,16580.96,16040.06,15491.69,14935.81,14359.86,13769.11,13170.39,12563.55,11934.91,11250.85,10558.79,9884.30,9282.26,8692.53,8187.37,7691.71,7218.29,6747.87,6279.59,5802.45,5323.84,4847.13,4356.05,3868.81,3396.35,2942.77,2514.97,2110.59,1737.50,1396.14,1088.52,816.38,581.85,385.86,229.10,112.20,35.70
10.10,10.00,11.48,13.15,15.01,17.06,19.28,21.68,24.34,27.27,30.50,34.04,37.90,42.10,46.65,51.55,56.80,62.42,68.40,74.73,81.40,88.77,96.93,105.96,115.99,127.11,139.48,153.23,168.56,185.64,204.72,226.05,249.06,273.80,300.34,328.71,358.96,391.09,425.12,461.05,498.85,538.48,579.88,621.49,662.88,703.61,743.19,781.15,816.98,850.22,880.38,907.04,929.80,948.31,962.29,971.52
11,29495.41,28563.56,27643.42,26743.09,25874.66,25037.55,24251.53,23480.65,22719.65,21973.91,21265.45,20571.24,19892.22,19229.02,18602.03,18035.40,17486.58,16955.80,16421.92,15899.51,15370.13,14833.71,14271.23,13691.03,13103.01,12507.04,11885.69,11199.25,10504.82,9825.83,9208.56,8604.62,8089.91,7585.47,7112.38,6642.89,6176.19,5705.41,5234.91,4766.27,4284.47,3806.54,3342.41,2896.80,2475.95,2077.23,1709.56,1372.59,1068.89,800.51,569.78,377.37,223.83,109.53,34.84
11.11,10.00,11.48,13.15,15.01,17.06,19.29,21.68,24.34,27.28,30.51,34.05,37.92,42.12,46.66,51.56,56.83,62.45,68.43,74.76,81.44,88.82,96.99,106.03,116.07,127.21,139.59,153.36,168.71,185.82,204.93,226.29,249.34,274.13,300.72,329.15,359.46,391.66,425.77,461.78,499.67,539.40,580.91,622.64,664.15,704.99,744.69,782.76,818.70,852.04,882.30,909.04,931.88,950.45,964.47,973.73
12,29794.16,28673.53,27553.47,26444.48,25560.63,24707.15,23915.32,23143.00,22379.97,21633.82,20937.42,20255.08,19587.74,18935.99,18319.33,17761.20,17220.61,16697.79,16176.52,15667.96,15152.71,14630.72,14078.76,13506.79,12927.12,12339.62,11728.30,11055.29,10374.40,9707.81,9101.35,8507.87,7998.82,7500.08,7030.49,6564.64,6101.75,5635.22,5169.13,4705.09,4228.86,3756.43,3298.01,2857.91,2442.49,2048.74,1685.79,1353.14,1053.33,788.39,560.83,371.19,220.00,107.58,34.20
12.12,10.00,11.48,13.15,15.01,17.06,19.28,21.68,24.34,27.28,30.51,34.05,37.91,42.11,46.65,51.55,56.81,62.43,68.41,74.74,81.41,88.79,96.95,106.00,116.02,127.15,139.53,153.29,168.62,185.72,204.81,226.16,249.18,273.95,300.51,328.91,359.18,391.34,425.41,461.37,499.21,538.89,580.34,622.00,663.44,704.22,743.86,781.86,817.75,851.03,881.23,907.93,930.72,949.26,963.26,972.50
