Month,0.0125,0.01434,0.016404,0.018694,0.021206,0.02393,0.026849,0.030074,0.033623,0.037515,0.041764,0.046384,0.051386,0.05678,0.06257,0.06876,0.075347,0.082325,0.089684,0.097408,0.105909,0.115273,0.125596,0.136986,0.149561,0.163458,0.178827,0.195837,0.214679,0.235567,0.258743,0.283548,0.310015,0.338169,0.368022,0.399577,0.432822,0.467732,0.504269,0.542379,0.581991,0.623018,0.663901,0.704243,0.743627,0.781631,0.817824,0.851783,0.883096,0.911374,0.936255,0.957414,0.974571,0.987495,0.99601
1,29038.35,28142.39,27259.21,26396.53,25536.10,24706.47,23922.64,23151.25,22389.15,21647.01,20971.09,20309.71,19663.75,19033.75,18434.41,17882.48,17348.19,16831.72,16312.48,15804.80,15290.54,14769.63,14215.80,13640.99,13058.45,12468.02,11854.05,11183.17,10504.30,9834.78,9206.37,8591.93,8066.26,7551.42,7072.84,6598.60,6127.99,5655.55,5184.68,4716.21,4236.65,3761.63,3300.86,2859.40,2442.56,2048.05,1684.64,1351.43,1051.36,786.32,558.99,369.78,219.08,107.10,34.00
1.1,10.00,11.48,13.15,15.01,17.06,19.29,21.69,24.35,27.28,30.52,34.06,37.92,42.13,46.68,51.58,56.85,62.47,68.46,74.80,81.48,88.87,97.04,106.10,116.15,127.30,139.69,153.49,168.85,185.99,205.13,226.52,249.61,274.44,301.08,329.57,359.93,392.20,426.39,462.48,500.46,540.29,581.90,623.73,665.35,706.31,746.12,784.30,820.35,853.78,884.13,910.96,933.87,952.50,966.57,975.85
2,29345.61,28406.89,27479.21,26571.01,25770.71,25003.15,24254.74,23508.13,22772.43,22049.74,21347.17,20659.12,19986.53,19329.98,18703.94,18126.14,17566.25,17024.55,16491.39,15973.46,15448.75,14917.19,14356.72,13776.41,13188.33,12592.31,11973.63,11294.81,10607.96,9924.14,9267.96,8627.20,8074.52,7535.82,7049.14,6567.72,6090.90,5618.41,5149.37,4683.07,4206.78,3734.53,3277.48,2839.08,2425.86,2034.76,1674.26,1344.17,1046.62,783.26,557.09,368.61,218.42,106.48,33.76
2.2,10.00,11.48,13.15,15.01,17.05,19.28,21.68,24.34,27.27,30.50,34.04,37.90,42.10,46.64,51.54,56.79,62.41,68.38,74.70,81.37,88.74,96.89,105.92,115.94,127.06,139.41,153.16,168.47,185.54,204.60,225.91,248.90,273.62,300.13,328.47,358.67,390.77,424.75,460.63,498.38,537.95,579.29,620.84,662.16,702.82,742.34,780.23,816.00,849.17,879.28,905.89,928.61,947.09,961.04,970.25
3,30052.69,29090.70,28139.83,27208.41,26293.11,25408.89,24586.85,23783.97,22990.28,22216.07,21506.56,20811.61,20132.17,19468.85,18836.24,18251.50,17684.79,17136.38,16593.37,16064.82,15529.19,14986.44,14416.23,13827.44,13230.72,12625.92,11999.20,11318.86,10630.45,9944.79,9283.21,8637.29,8085.08,7546.61,7063.54,6585.30,6111.20,5640.54,5172.70,4707.13,4230.52,3757.90,3299.35,2859.36,2443.92,2050.62,1687.86,1355.41,1055.75,790.81,562.99,372.94,221.20,108.23,34.42
3.3,10.00,11.48,13.15,15.01,17.06,19.29,21.68,24.34,27.28,30.51,34.05,37.91,42.11,46.66,51.56,56.82,62.45,68.43,74.76,81.44,88.82,96.98,106.03,116.06,127.20,139.58,153.35,168.70,185.81,204.92,226.28,249.32,274.11,300.69,329.12,359.42,391.62,425.73,461.73,499.62,539.34,580.85,622.56,664.06,704.89,744.59,782.65,818.59,851.91,882.17,908.91,931.74,950.31,964.33,973.58
4,30796.04,29804.88,28824.82,27864.23,26879.09,25924.60,25044.01,24186.18,23336.14,22510.10,21781.25,21066.92,20368.09,19685.42,19034.54,18433.96,17851.62,17287.81,16728.07,16182.57,15629.53,15068.90,14485.72,13886.46,13279.08,12663.46,12028.80,11349.91,10662.93,9982.42,9337.82,8707.80,8168.22,7640.94,7159.52,6682.21,6208.25,5733.05,5259.08,4787.17,4302.71,3822.18,3356.09,2908.81,2486.49,2086.72,1717.86,1380.15,1075.77,806.55,574.65,380.90,226.04,110.64,35.19
4.4,10.00,11.48,13.15,15.01,17.06,19.29,21.68,24.34,27.28,30.51,34.05,37.91,42.11,46.66,51.56,56.82,62.44,68.42,74.75,81.43,88.80,96.97,106.01,116.04,127.18,139.55,153.32,168.66,185.77,204.87,226.22,249.26,274.03,300.61,329.02,359.31,391.49,425.58,461.56,499.43,539.13,580.61,622.29,663.77,704.57,744.24,782.27,818.19,851.49,881.73,908.45,931.26,949.81,963.82,973.07
5,31586.93,30510.83,29442.32,28390.63,27341.89,26323.21,25397.34,24501.48,23612.47,22750.08,22003.53,21271.40,20554.72,19854.19,19186.71,18572.18,17976.01,17398.56,16829.12,16275.41,15713.96,15144.73,14555.32,13951.18,13338.82,12718.16,12078.79,11396.99,10707.06,10028.77,9401.14,8786.99,8269.67,7762.34,7285.75,6812.08,6340.45,5859.29,5376.74,4895.99,4399.89,3908.00,3430.82,2973.06,2541.01,2132.81,1756.08,1411.44,1100.88,826.02,588.90,390.51,231.79,113.46,36.09
5.5,10.00,11.48,13.15,15.01,17.06,19.29,21.68,24.34,27.28,30.51,34.05,37.92,42.12,46.66,51.57,56.83,62.45,68.43,74.76,81.44,88.82,96.99,106.04,116.07,127.21,139.59,153.37,168.71,185.83,204.94,226.30,249.35,274.14,300.73,329.16,359.47,391.68,425.79,461.80,499.70,539.43,580.95,622.67,664.18,705.03,744.73,782.80,818.75,852.09,882.36,909.10,931.94,950.51,964.54,973.80
6,32276.57,31109.29,29945.55,28795.68,27725.49,26685.68,25729.75,24798.93,23874.15,22977.03,22206.18,21449.50,20708.08,19982.67,19292.96,18662.54,18050.60,17457.53,16883.19,16328.24,15765.54,15195.06,14607.46,14006.72,13397.87,12780.76,12145.02,11466.11,10779.03,10107.27,9499.26,8903.37,8398.59,7902.32,7425.31,6950.43,6476.73,5987.58,5494.98,5004.14,4497.09,3994.19,3506.69,3039.00,2597.66,2180.68,1795.74,1443.56,1126.12,845.03,602.46,399.44,237.04,116.00,36.90
6.6,10.00,11.48,13.15,15.01,17.06,19.29,21.68,24.34,27.28,30.51,34.05,37.91,42.11,46.66,51.56,56.82,62.44,68.41,74.75,81.42,88.80,96.96,106.00,116.03,127.16,139.54,153.30,168.64,185.74,204.83,226.18,249.21,273.98,300.54,328.94,359.22,391.39,425.46,461.44,499.28,538.97,580.43,622.10,663.55,704.34,743.98,782.00,817.89,851.18,881.39,908.10,930.90,949.44,963.45,972.69
7,32376.22,31194.15,30014.95,28849.14,27790.96,26763.54,25810.80,24879.10,23953.54,23054.50,22274.71,21508.97,20758.42,20023.81,19325.85,18689.33,18071.32,17472.24,16897.96,16345.11,15784.59,15216.36,14639.35,14053.91,13460.66,12859.40,12233.19,11542.18,10842.94,10164.14,9564.87,8977.07,8482.42,7995.08,7515.18,7037.17,6560.05,6064.22,5564.08,5065.91,4551.92,4042.26,3548.56,3075.17,2628.56,2207.15,1817.94,1461.67,1140.40,855.74,610.10,404.50,240.05,117.47,37.36
7.7,10.00,11.48,13.15,15.01,17.06,19.29,21.68,24.34,27.28,30.51,34.05,37.91,42.11,46.66,51.56,56.82,62.44,68.41,74.75,81.42,88.80,96.96,106.00,116.03,127.16,139.54,153.30,168.64,185.74,204.83,226.18,249.21,273.98,300.54,328.94,359.22,391.39,425.46,461.44,499.28,538.97,580.43,622.10,663.55,704.34,743.98,782.00,817.89,851.18,881.39,908.10,930.90,949.44,963.44,972.69
8,31977.44,30836.81,29700.67,28579.10,27537.01,26525.55,25593.27,24684.69,23782.79,22906.85,22144.08,21395.55,20662.36,19945.22,19262.39,18635.48,18027.01,17437.38,16862.03,16304.58,15739.29,15166.13,14587.87,14003.21,13410.72,12810.24,12186.82,11506.10,10817.16,10146.37,9546.68,8958.54,8464.21,7977.01,7498.74,7022.30,6546.69,6052.56,5554.27,5057.81,4545.30,4037.09,3544.77,3072.74,2627.05,2205.91,1816.95,1460.69,1139.37,854.70,609.21,403.88,239.69,117.31,37.32
8.8,10.00,11.48,13.15,15.01,17.06,19.29,21.68,24.34,27.28,30.51,34.05,37.91,42.11,46.66,51.56,56.82,62.44,68.42,74.76,81.43,88.81,96.98,106.02,116.06,127.19,139.57,153.34,168.68,185.79,204.90,226.25,249.30,274.08,300.66,329.08,359.38,391.57,425.67,461.66,499.54,539.26,580.75,622.45,663.95,704.77,744.45,782.50,818.43,851.75,881.99,908.73,931.55,950.11,964.13,973.38
9,31057.29,30034.92,29022.24,28027.94,27017.77,26037.89,25144.34,24278.81,23420.89,22587.22,21851.99,21131.21,20425.90,19736.72,19080.86,18478.34,17894.08,17328.41,16760.85,16205.74,15642.81,15072.01,14487.02,13890.61,13286.13,12673.44,12039.69,11356.18,10664.56,9994.68,9404.20,8825.07,8332.29,7846.52,7373.47,6902.49,6432.61,5946.50,5457.13,4969.53,4465.67,3966.26,3481.99,3017.67,2579.29,2165.03,1782.68,1432.49,1116.85,837.71,597.12,396.02,235.16,115.17,36.65
9.9,10.00,11.48,13.15,15.01,17.06,19.29,21.68,24.34,27.28,30.51,34.05,37.92,42.12,46.67,51.57,56.83,62.46,68.44,74.78,81.45,88.84,97.01,106.06,116.09,127.24,139.62,153.40,168.76,185.88,205.00,226.37,249.43,274.24,300.84,329.29,359.62,391.85,425.98,462.02,499.94,539.71,581.25,623.01,664.56,705.44,745.18,783.28,819.27,852.64,882.93,909.70,932.56,951.15,965.19,974.46
10,29916.03,29041.34,28182.99,27348.05,26402.34,25487.25,24648.20,23834.17,23029.00,22243.54,21525.99,20822.85,20135.10,19463.37,18826.01,18245.09,17682.21,17137.60,16586.13,16044.99,15496.38,14940.25,14357.18,13755.51,13145.65,12527.51,11892.60,11220.61,10540.63,9879.61,9293.67,8719.09,8216.69,7722.77,7247.67,6775.57,6305.58,5825.75,5344.37,4865.04,4371.24,3881.62,3406.86,2951.33,2521.77,2116.08,1741.84,1399.45,1090.97,818.20,583.18,386.80,229.70,112.50,35.80
10.10,10.00,11.48,13.15,15.01,17.06,19.28,21.68,24.34,27.27,30.51,34.05,37.91,42.11,46.65,51.55,56.81,62.43,68.41,74.74,81.41,88.79,96.95,105.99,116.02,127.15,139.52,153.29,168.62,185.71,204.81,226.15,249.17,273.93,300.49,328.89,359.16,391.32,425.38,461.34,499.18,538.85,580.29,621.95,663.39,704.16,743.79,781.79,817.67,850.94,881.15,907.84,930.63,949.17,963.16,972.40
11,29488.43,28545.74,27614.09,26701.73,25834.65,24998.87,24218.10,23454.46,22700.95,21963.92,21270.33,20591.32,19927.82,19280.40,18663.31,18093.44,17541.43,17007.53,16470.22,15944.25,15411.22,14871.07,14301.34,13711.73,13114.14,12508.46,11882.72,11208.89,10527.07,9860.37,9256.01,8664.14,8146.62,7639.09,7160.45,6685.66,6213.92,5738.40,5263.37,4790.51,4304.75,3823.08,3355.87,2907.54,2484.53,2084.27,1715.22,1377.30,1072.83,803.62,572.10,378.94,224.75,109.98,34.98
11.11,10.00,11.48,13.15,15.01,17.06,19.29,21.68,24.34,27.28,30.51,34.05,37.91,42.11,46.66,51.56,56.82,62.44,68.42,74.75,81.42,88.80,96.96,106.01,116.04,127.17,139.54,153.31,168.65,185.75,204.85,226.20,249.23,274.00,300.57,328.98,359.26,391.44,425.51,461.49,499.35,539.04,580.51,622.19,663.65,704.44,744.10,782.12,818.03,851.32,881.54,908.26,931.06,949.61,963.62,972.86
12,30088.78,29010.77,27936.69,26876.46,25987.57,25129.77,24336.93,23565.44,22803.96,22059.05,21358.50,20672.52,20002.01,19347.58,18721.64,18138.73,17573.74,17026.96,16485.09,15957.46,15422.72,14880.82,14312.61,13726.44,13132.35,12530.21,11905.96,11227.12,10540.27,9866.38,9247.49,8641.94,8113.55,7596.22,7115.40,6638.88,6165.94,5692.96,5221.66,4752.51,4271.25,3793.99,3330.57,2885.69,2465.75,2067.74,1701.01,1364.92,1062.11,794.44,564.80,373.65,221.41,108.26,34.42
12.12,10.00,11.48,13.15,15.01,17.06,19.29,21.68,24.34,27.28,30.51,34.05,37.91,42.11,46.66,51.56,56.82,62.44,68.42,74.76,81.43,88.81,96.98,106.02,116.05,127.19,139.57,153.34,168.68,185.79,204.89,226.25,249.29,274.07,300.65,329.07,359.37,391.56,425.66,461.65,499.53,539.24,580.74,622.44,663.93,704.75,744.43,782.48,818.40,851.72,881.97,908.70,931.52,950.08,964.10,973.35
