Month,0.0125,0.01434,0.016404,0.018694,0.021206,0.02393,0.026849,0.030074,0.033623,0.037515,0.041764,0.046384,0.051386,0.05678,0.06257,0.06876,0.075347,0.082325,0.089684,0.097408,0.105909,0.115273,0.125596,0.136986,0.149561,0.163458,0.178827,0.195837,0.214679,0.235567,0.258743,0.283548,0.310015,0.338169,0.368022,0.399577,0.432822,0.467732,0.504269,0.542379,0.581991,0.623018,0.663901,0.704243,0.743627,0.781631,0.817824,0.851783,0.883096,0.911374,0.936255,0.957414,0.974571,0.987495,0.99601
1,29821.71,28804.50,27794.58,26800.94,25893.44,25016.49,24207.04,23419.51,22641.19,21881.42,21182.31,20497.57,19828.13,19174.60,18552.27,17980.25,17426.02,16889.81,16360.07,15844.69,15322.53,14793.54,14231.60,13647.28,13055.09,12454.89,11833.84,11157.97,10474.18,9799.11,9171.47,8557.87,8026.35,7507.41,7031.51,6560.01,6092.10,5625.59,5160.95,4698.25,4224.12,3753.12,3296.25,2856.93,2442.49,2049.27,1686.63,1354.29,1054.36,788.88,560.93,371.00,219.75,107.13,33.96
1.1,10.00,11.48,13.15,15.01,17.05,19.28,21.68,24.33,27.27,30.50,34.03,37.89,42.09,46.63,51.53,56.78,62.39,68.36,74.69,81.35,88.71,96.86,105.89,115.90,127.01,139.36,153.10,168.40,185.46,204.50,225.80,248.76,273.46,299.94,328.25,358.43,390.49,424.44,460.28,497.98,537.50,578.79,620.28,661.55,702.15,741.61,779.45,815.17,848.29,878.35,904.92,927.60,946.05,959.98,969.18
2,29086.55,28234.28,27397.97,26584.67,25694.50,24834.93,24052.16,23296.60,22551.28,21823.04,21142.40,20476.51,19826.26,19192.18,18585.27,18019.47,17471.50,16941.56,16411.77,15893.98,15369.36,14837.87,14276.71,13694.68,13104.85,12507.06,11886.67,11202.23,10509.86,9823.88,9180.24,8551.54,8016.25,7495.38,7021.02,6551.46,6085.34,5619.38,5154.79,4692.21,4218.37,3747.43,3291.09,2852.13,2438.35,2045.48,1683.27,1351.57,1052.11,787.20,559.73,370.26,219.36,107.03,33.94
2.2,10.00,11.48,13.15,15.01,17.05,19.28,21.68,24.33,27.26,30.49,34.03,37.88,42.08,46.62,51.51,56.76,62.37,68.33,74.65,81.31,88.66,96.81,105.82,115.82,126.92,139.25,152.97,168.25,185.29,204.31,225.56,248.49,273.14,299.58,327.84,357.95,389.94,423.82,459.57,497.18,536.61,577.79,619.17,660.33,700.82,740.17,777.89,813.51,846.53,876.50,902.99,925.60,943.99,957.87,967.04
3,29782.18,28839.90,27909.43,26998.68,26045.72,25122.53,24296.90,23506.51,22725.34,21964.23,21271.78,20593.96,19931.69,19285.53,18668.32,18095.52,17540.60,17003.80,16466.07,15940.40,15407.67,14867.84,14292.99,13694.88,13088.64,12474.18,11841.48,11165.78,10482.14,9810.13,9192.00,8587.30,8064.55,7553.13,7078.39,6607.60,6139.98,5670.19,5201.23,4734.32,4254.96,3779.29,3317.86,2874.68,2456.60,2060.20,1694.92,1360.52,1059.24,793.10,564.43,373.81,221.69,108.46,34.49
3.3,10.00,11.48,13.15,15.01,17.06,19.28,21.68,24.34,27.27,30.50,34.04,37.90,42.10,46.65,51.54,56.80,62.42,68.39,74.72,81.39,88.76,96.92,105.96,115.98,127.10,139.47,153.22,168.54,185.63,204.70,226.03,249.03,273.77,300.30,328.67,358.91,391.03,425.06,460.98,498.77,538.39,579.78,621.38,662.76,703.47,743.04,780.99,816.81,850.03,880.19,906.84,929.59,948.10,962.07,971.30
4,31344.03,30233.74,29128.34,28037.74,27044.58,26082.20,25190.36,24319.43,23456.01,22615.98,21870.91,21140.10,20424.60,19725.11,19059.73,18450.00,17858.53,17285.66,16723.45,16177.71,15624.43,15063.56,14472.36,13860.74,13240.75,12612.33,11966.44,11281.88,10589.28,9909.15,9283.05,8670.61,8139.77,7620.28,7139.13,6662.19,6188.70,5713.99,5240.64,4769.49,4286.49,3807.47,3342.91,2897.14,2476.38,2078.47,1711.27,1375.17,1072.25,804.19,573.14,379.99,225.54,110.40,35.12
4.4,10.00,11.48,13.15,15.01,17.06,19.29,21.68,24.34,27.28,30.51,34.05,37.91,42.11,46.66,51.56,56.82,62.44,68.42,74.75,81.43,88.80,96.97,106.01,116.04,127.18,139.55,153.32,168.66,185.77,204.86,226.22,249.25,274.03,300.60,329.01,359.30,391.48,425.57,461.55,499.41,539.11,580.59,622.28,663.75,704.55,744.22,782.25,818.16,851.47,881.70,908.42,931.23,949.78,963.79,973.04
5,31824.69,30696.30,29572.71,28464.01,27445.35,26457.64,25541.78,24646.73,23758.79,22896.03,22139.05,21396.42,20669.21,19958.14,19280.58,18656.61,18051.09,17464.41,16887.16,16326.29,15757.48,15180.69,14577.91,13957.28,13328.12,12690.38,12038.24,11358.78,10671.21,10000.77,9395.11,8801.68,8288.23,7783.54,7303.94,6827.45,6353.19,5869.71,5385.25,4902.69,4405.25,3912.30,3433.95,2975.31,2542.45,2133.79,1756.71,1411.81,1101.10,826.19,588.99,390.53,231.78,113.46,36.09
5.5,10.00,11.48,13.15,15.01,17.06,19.29,21.69,24.34,27.28,30.51,34.05,37.92,42.12,46.67,51.58,56.84,62.46,68.45,74.79,81.47,88.85,97.02,106.08,116.12,127.26,139.65,153.44,168.80,185.93,205.05,226.44,249.51,274.33,300.95,329.41,359.76,392.00,426.16,462.22,500.17,539.96,581.54,623.33,664.91,705.82,745.59,783.72,819.74,853.14,883.45,910.25,933.13,951.74,965.79,975.07
6,32325.32,31147.04,29971.63,28809.62,27750.63,26722.26,25771.95,24844.22,23922.69,23028.40,22255.65,21497.08,20753.77,20026.48,19334.82,18701.57,18086.82,17490.98,16913.86,16356.16,15790.64,15217.25,14620.33,14006.91,13385.12,12754.87,12108.92,11431.30,10745.51,10078.80,9483.00,8898.67,8398.11,7904.80,7427.76,6952.86,6479.12,5989.04,5495.82,5004.38,4496.97,3994.06,3506.41,3038.94,2597.57,2180.76,1795.93,1443.79,1126.38,845.24,602.57,399.45,237.00,115.97,36.88
6.6,10.00,11.48,13.15,15.01,17.06,19.29,21.68,24.34,27.28,30.51,34.05,37.92,42.12,46.67,51.57,56.84,62.46,68.45,74.78,81.46,88.85,97.02,106.07,116.11,127.26,139.65,153.43,168.79,185.91,205.04,226.42,249.49,274.30,300.92,329.38,359.72,391.96,426.11,462.17,500.11,539.89,581.46,623.24,664.81,705.71,745.48,783.61,819.61,853.00,883.31,910.10,932.97,951.58,965.63,974.90
7,32430.47,31245.64,30063.63,28895.00,27837.11,26810.08,25856.69,24923.87,23997.23,23096.75,22313.31,21543.89,20789.63,20051.30,19350.17,18711.68,18091.71,17490.71,16915.94,16363.09,15802.59,15234.39,14649.86,14052.69,13447.48,12834.07,12203.86,11536.57,10861.05,10200.14,9600.81,9012.88,8512.57,8019.68,7536.60,7055.59,6575.65,6077.16,5574.59,5074.22,4558.28,4046.94,3552.08,3077.91,2630.61,2208.41,1818.63,1461.96,1140.45,855.64,609.93,404.32,239.90,117.40,37.34
7.7,10.00,11.48,13.15,15.01,17.06,19.29,21.68,24.34,27.28,30.51,34.05,37.91,42.11,46.66,51.56,56.82,62.44,68.42,74.75,81.42,88.80,96.96,106.00,116.03,127.17,139.54,153.31,168.64,185.75,204.84,226.19,249.22,273.99,300.56,328.97,359.25,391.42,425.50,461.47,499.33,539.02,580.48,622.16,663.62,704.41,744.06,782.08,817.98,851.27,881.49,908.20,931.00,949.55,963.56,972.80
8,32010.60,30872.88,29739.83,28621.56,27581.75,26572.67,25640.75,24731.57,23829.12,22952.46,22186.90,21435.58,20699.57,19979.62,19294.84,18667.49,18058.59,17468.56,16892.36,16333.97,15767.71,15193.56,14608.70,14014.31,13411.92,12801.36,12169.68,11488.23,10798.58,10130.68,9541.83,8963.92,8473.58,7989.23,7509.72,7032.10,6555.37,6059.16,5559.01,5060.88,4546.68,4037.25,3543.81,3071.10,2624.90,2203.76,1814.91,1458.89,1137.91,853.72,608.53,403.39,239.36,117.15,37.26
8.8,10.00,11.48,13.15,15.01,17.06,19.29,21.68,24.34,27.28,30.51,34.05,37.92,42.12,46.67,51.57,56.84,62.46,68.44,74.78,81.46,88.84,97.01,106.07,116.11,127.25,139.64,153.42,168.78,185.90,205.02,226.40,249.47,274.28,300.89,329.35,359.69,391.92,426.07,462.12,500.05,539.83,581.39,623.17,664.73,705.62,745.38,783.50,819.50,852.88,883.18,909.97,932.84,951.44,965.48,974.75
9,31059.01,30032.27,29015.01,28015.95,27001.88,26018.02,25123.33,24257.98,23400.24,22566.43,21830.08,21108.15,20401.63,19711.21,19054.62,18452.94,17869.50,17304.62,16739.76,16187.86,15628.22,15060.81,14480.82,13890.30,13291.82,12685.23,12057.97,11380.80,10695.51,10027.58,9428.60,8841.40,8341.00,7848.65,7371.75,6897.29,6424.35,5937.73,5448.41,4960.96,4457.86,3959.02,3475.45,3011.65,2573.98,2160.42,1778.76,1429.38,1114.47,835.96,595.91,395.28,234.74,114.98,36.59
9.9,10.00,11.48,13.15,15.01,17.06,19.29,21.68,24.34,27.28,30.51,34.05,37.91,42.11,46.66,51.56,56.82,62.44,68.42,74.75,81.43,88.81,96.97,106.02,116.05,127.18,139.56,153.33,168.67,185.77,204.87,226.23,249.27,274.04,300.62,329.03,359.32,391.51,425.60,461.59,499.45,539.16,580.64,622.33,663.81,704.62,744.29,782.33,818.24,851.55,881.79,908.51,931.33,949.88,963.89,973.14
10,29944.26,29031.54,28132.87,27255.72,26290.28,25354.81,24513.84,23706.28,22907.61,22129.15,21421.44,20728.23,20050.46,19388.74,18760.72,18187.75,17632.76,17095.97,16550.84,16015.41,15472.66,14922.54,14346.81,13753.20,13151.54,12541.74,11911.94,11233.29,10546.65,9876.79,9276.46,8688.34,8183.63,7688.32,7216.38,6747.31,6280.25,5803.31,5324.63,4847.84,4356.71,3869.45,3397.26,2944.15,2516.65,2112.63,1739.67,1398.17,1090.26,817.86,583.02,386.67,229.58,112.43,35.77
10.10,10.00,11.48,13.15,15.01,17.06,19.28,21.68,24.34,27.27,30.50,34.04,37.91,42.10,46.65,51.55,56.81,62.42,68.40,74.73,81.40,88.77,96.93,105.97,116.00,127.12,139.49,153.25,168.57,185.66,204.74,226.08,249.09,273.84,300.38,328.76,359.01,391.15,425.19,461.12,498.93,538.57,579.99,621.61,663.01,703.75,743.34,781.31,817.16,850.40,880.58,907.24,930.01,948.53,962.51,971.74
11,29911.44,28910.52,27918.03,26942.99,26080.27,25249.46,24460.81,23683.29,22915.77,22165.01,21460.11,20769.82,20095.09,19436.51,18809.13,18231.19,17671.28,17129.63,16583.75,16048.91,15506.80,14957.37,14381.89,13788.20,13186.49,12576.62,11944.29,11253.98,10555.68,9872.15,9252.84,8646.88,8126.15,7616.50,7140.61,6668.41,6199.10,5725.52,5252.06,4780.67,4296.16,3815.45,3349.63,2902.53,2480.83,2082.19,1714.30,1377.41,1073.64,804.55,572.93,379.52,225.10,110.15,35.03
11.11,10.00,11.48,13.15,15.01,17.06,19.28,21.68,24.34,27.27,30.50,34.04,37.90,42.10,46.65,51.54,56.80,62.42,68.39,74.72,81.39,88.76,96.92,105.95,115.97,127.10,139.46,153.21,168.53,185.62,204.69,226.01,249.01,273.75,300.28,328.65,358.88,391.00,425.02,460.94,498.72,538.34,579.72,621.31,662.69,703.40,742.96,780.90,816.72,849.94,880.09,906.73,929.48,947.98,961.95,971.18
12,29605.47,28575.85,27552.10,26543.46,25646.24,24779.25,23990.54,23229.22,22477.76,21745.12,21070.88,20411.40,19767.53,19139.82,18541.50,17988.44,17453.13,16935.75,16409.04,15891.46,15367.05,14835.74,14274.74,13693.74,13104.93,12508.16,11888.16,11208.20,10520.26,9843.20,9216.59,8603.82,8076.15,7560.11,7081.54,6607.27,6136.55,5664.93,5194.77,4726.94,4247.61,3772.24,3311.62,2869.72,2452.75,2058.17,1694.19,1360.40,1059.33,792.80,563.90,373.16,221.15,108.15,34.38
12.12,10.00,11.48,13.15,15.01,17.06,19.28,21.68,24.34,27.27,30.50,34.04,37.91,42.11,46.65,51.55,56.81,62.43,68.40,74.73,81.41,88.78,96.94,105.98,116.01,127.14,139.50,153.27,168.59,185.69,204.77,226.11,249.13,273.88,300.43,328.82,359.08,391.23,425.28,461.23,499.05,538.71,580.13,621.77,663.19,703.95,743.56,781.54,817.40,850.66,880.85,907.53,930.31,948.83,962.83,972.06
