Month,0.0125,0.01434,0.016404,0.018694,0.021206,0.02393,0.026849,0.030074,0.033623,0.037515,0.041764,0.046384,0.051386,0.05678,0.06257,0.06876,0.075347,0.082325,0.089684,0.097408,0.105909,0.115273,0.125596,0.136986,0.149561,0.163458,0.178827,0.195837,0.214679,0.235567,0.258743,0.283548,0.310015,0.338169,0.368022,0.399577,0.432822,0.467732,0.504269,0.542379,0.581991,0.623018,0.663901,0.704243,0.743627,0.781631,0.817824,0.851783,0.883096,0.911374,0.936255,0.957414,0.974571,0.987495,0.99601
1,29372.68,28329.84,27291.55,26266.85,25284.77,24330.29,23545.28,22829.77,22125.20,21441.28,20821.74,20217.88,19630.38,19059.63,18496.22,17927.66,17376.82,16843.94,16313.70,15796.57,15272.57,14741.65,14172.87,13579.18,12977.40,12367.47,11742.78,11086.72,10422.77,9771.93,9180.58,8601.16,8092.06,7592.78,7121.10,6652.82,6187.13,5715.39,5243.10,4772.83,4289.47,3809.78,3344.84,2898.42,2477.31,2078.57,1710.81,1373.96,1070.25,801.48,570.46,377.84,224.13,109.69,34.89
1.1,10.00,11.48,13.15,15.01,17.06,19.28,21.68,24.34,27.27,30.50,34.04,37.90,42.10,46.64,51.54,56.80,62.41,68.39,74.71,81.38,88.75,96.91,105.94,115.96,127.08,139.44,153.19,168.51,185.59,204.65,225.97,248.97,273.70,300.22,328.57,358.79,390.90,424.91,460.81,498.58,538.17,579.54,621.11,662.47,703.15,742.70,780.62,816.42,849.61,879.75,906.38,929.11,947.61,961.57,970.78
2,29571.22,28460.13,27349.67,26249.59,25212.03,24200.60,23395.77,22676.47,21967.68,21279.28,20655.11,20046.24,19453.41,18877.01,18311.81,17750.76,17207.24,16681.49,16158.31,15648.20,15131.35,14607.70,14046.71,13461.61,12868.54,12267.43,11657.17,11035.06,10405.07,9784.80,9210.55,8647.21,8139.50,7640.46,7166.10,6695.13,6226.74,5752.30,5277.48,4804.60,4317.86,3835.10,3366.54,2916.73,2492.22,2089.82,1719.09,1379.42,1073.42,803.12,571.17,378.05,224.13,109.66,34.88
2.2,10.00,11.48,13.15,15.01,17.06,19.29,21.68,24.34,27.28,30.51,34.05,37.91,42.11,46.66,51.56,56.82,62.44,68.41,74.75,81.42,88.80,96.96,106.00,116.03,127.16,139.54,153.31,168.64,185.74,204.84,226.19,249.21,273.99,300.55,328.96,359.23,391.41,425.48,461.46,499.31,538.99,580.45,622.13,663.58,704.37,744.02,782.04,817.94,851.23,881.44,908.15,930.95,949.50,963.50,972.74
3,29804.39,28811.12,27826.41,26858.74,25879.40,24928.85,24127.69,23386.34,22655.84,21945.31,21294.67,20659.65,20041.01,19439.19,18848.44,18261.14,17691.88,17140.95,16589.07,16049.65,15502.79,14948.46,14361.05,13751.83,13134.26,12508.27,11868.04,11200.00,10523.96,9863.71,9266.63,8681.61,8167.95,7663.66,7186.11,6712.14,6240.95,5764.02,5287.04,4812.20,4323.61,3839.36,3369.67,2919.19,2494.13,2091.96,1721.27,1381.97,1076.38,806.47,574.27,380.51,225.76,110.50,35.15
3.3,10.00,11.48,13.15,15.01,17.06,19.29,21.68,24.34,27.28,30.51,34.05,37.91,42.11,46.66,51.56,56.82,62.45,68.43,74.76,81.44,88.82,96.98,106.03,116.06,127.20,139.58,153.35,168.70,185.81,204.91,226.27,249.32,274.11,300.69,329.12,359.42,391.62,425.72,461.73,499.61,539.33,580.84,622.55,664.05,704.88,744.58,782.64,818.57,851.90,882.16,908.89,931.72,950.29,964.31,973.57
4,30400.03,29415.63,28441.77,27486.74,26500.69,25544.49,24722.58,23953.20,23194.54,22455.30,21773.10,21106.48,20456.26,19822.95,19203.27,18592.60,18000.30,17426.72,16854.67,16296.26,15729.97,15155.77,14557.78,13943.04,13319.89,12688.26,12038.99,11351.36,10655.63,9978.50,9372.09,8778.01,8261.81,7754.84,7273.90,6796.36,6321.39,5838.57,5355.19,4874.02,4378.82,3888.15,3412.45,2956.44,2526.16,2119.65,1744.70,1401.50,1092.30,818.98,583.55,386.86,229.62,112.41,35.76
4.4,10.00,11.48,13.15,15.01,17.06,19.29,21.68,24.34,27.28,30.51,34.05,37.92,42.12,46.67,51.57,56.83,62.45,68.43,74.77,81.45,88.83,97.00,106.05,116.08,127.22,139.61,153.39,168.73,185.85,204.97,226.34,249.39,274.19,300.79,329.23,359.55,391.76,425.89,461.91,499.82,539.57,581.10,622.84,664.37,705.24,744.96,783.05,819.01,852.37,882.65,909.41,932.25,950.84,964.87,974.13
5,31360.78,30233.35,29109.76,27999.86,26937.59,25904.29,25031.84,24222.58,23422.99,22644.27,21935.91,21242.76,20565.72,19905.39,19264.00,18643.63,18041.71,17458.60,16883.45,16324.07,15756.80,15181.61,14579.18,13957.96,13328.22,12689.90,12037.62,11358.75,10671.78,10007.91,9430.15,8862.98,8365.94,7876.00,7396.92,6920.33,6445.32,5955.45,5462.74,4972.23,4466.67,3965.69,3480.50,3015.51,2576.90,2162.89,1780.80,1431.39,1116.56,837.90,597.42,396.15,235.12,115.08,36.61
5.5,10.00,11.48,13.15,15.01,17.06,19.29,21.68,24.34,27.28,30.51,34.05,37.91,42.11,46.66,51.56,56.82,62.44,68.42,74.75,81.43,88.81,96.97,106.02,116.05,127.19,139.56,153.33,168.67,185.78,204.88,226.24,249.28,274.06,300.64,329.05,359.35,391.54,425.63,461.62,499.49,539.20,580.69,622.39,663.87,704.69,744.36,782.41,818.33,851.64,881.88,908.61,931.42,949.98,964.00,973.25
6,31859.65,30682.33,29506.85,28343.59,27250.83,26186.94,25286.24,24448.83,23620.40,22813.83,22086.08,21373.30,20676.45,19996.16,19338.81,18711.42,18102.54,17512.55,16940.34,16387.19,15826.38,15257.86,14657.84,14036.93,13407.52,12769.53,12118.93,11446.56,10766.00,10113.64,9559.93,9015.13,8531.06,8051.54,7567.25,7084.97,6603.70,6102.30,5596.88,5093.80,4575.57,4062.26,3565.36,3089.47,2640.38,2216.53,1825.25,1467.14,1144.35,858.55,612.00,405.72,240.75,117.81,37.47
6.6,10.00,11.48,13.15,15.01,17.06,19.29,21.68,24.34,27.28,30.51,34.05,37.92,42.12,46.67,51.57,56.83,62.46,68.44,74.77,81.45,88.84,97.01,106.06,116.09,127.24,139.62,153.40,168.76,185.88,204.99,226.37,249.43,274.23,300.84,329.29,359.61,391.84,425.97,462.01,499.93,539.70,581.24,623.00,664.55,705.43,745.16,783.27,819.25,852.62,882.91,909.68,932.54,951.13,965.17,974.44
7,31908.42,30736.02,29565.93,28408.48,27323.13,26266.99,25365.92,24524.58,23692.19,22881.80,22151.37,21435.95,20736.52,20053.68,19393.29,18761.78,18148.85,17554.87,16983.65,16433.16,15875.13,15309.50,14713.48,14097.04,13472.19,12838.86,12194.16,11531.35,10860.31,10215.99,9668.90,9130.10,8646.20,8166.42,7673.82,7183.40,6694.15,6183.82,5669.18,5157.31,4631.10,4110.05,3606.59,3124.83,2670.49,2242.30,1846.86,1485.04,1158.82,869.63,620.00,411.02,243.87,119.33,37.95
7.7,10.00,11.48,13.15,15.01,17.06,19.29,21.68,24.34,27.28,30.51,34.05,37.91,42.11,46.66,51.56,56.82,62.44,68.42,74.76,81.43,88.81,96.98,106.02,116.05,127.19,139.57,153.34,168.68,185.79,204.90,226.25,249.29,274.08,300.66,329.08,359.37,391.57,425.66,461.66,499.54,539.25,580.75,622.45,663.94,704.76,744.44,782.49,818.42,851.74,881.99,908.72,931.54,950.10,964.12,973.37
8,31484.60,30349.81,29218.77,28101.36,27029.64,25986.89,25104.90,24285.92,23476.38,22688.86,21980.03,21286.47,20609.11,19948.49,19307.44,18688.75,18088.55,17507.21,16949.41,16412.47,15868.41,15317.16,14736.26,14135.22,13526.09,12908.72,12270.50,11580.72,10882.70,10214.63,9658.39,9110.98,8628.14,8150.35,7659.38,7170.51,6682.73,6173.54,5659.42,5148.12,4622.80,4102.39,3599.67,3118.41,2664.72,2236.65,1841.57,1480.16,1154.44,866.02,617.29,409.23,242.87,118.89,37.82
8.8,10.00,11.48,13.15,15.01,17.06,19.28,21.68,24.34,27.27,30.50,34.04,37.91,42.10,46.65,51.55,56.81,62.42,68.40,74.73,81.40,88.77,96.93,105.97,115.99,127.12,139.48,153.24,168.57,185.66,204.74,226.07,249.08,273.83,300.37,328.74,358.99,391.13,425.17,461.10,498.90,538.54,579.95,621.57,662.97,703.70,743.29,781.25,817.10,850.34,880.51,907.18,929.94,948.45,962.44,971.66
9,30669.57,29645.45,28630.08,27632.00,26584.37,25565.36,24709.08,23917.28,23135.33,22375.47,21692.66,21025.31,20374.25,19740.00,19122.07,18519.18,17934.61,17368.65,16809.72,16266.00,15714.85,15156.23,14565.99,13954.53,13334.74,12706.53,12060.55,11374.47,10680.29,10019.42,9478.00,8944.99,8468.65,7996.98,7516.58,7038.10,6560.56,6062.95,5560.77,5060.92,4545.44,4034.68,3540.39,3066.80,2620.28,2198.74,1809.88,1454.02,1133.36,849.84,605.66,401.71,238.56,116.84,37.18
9.9,10.00,11.48,13.15,15.01,17.06,19.28,21.68,24.34,27.27,30.51,34.05,37.91,42.11,46.65,51.55,56.81,62.43,68.41,74.74,81.41,88.79,96.95,105.99,116.02,127.15,139.52,153.29,168.62,185.72,204.81,226.16,249.18,273.95,300.51,328.90,359.17,391.34,425.40,461.37,499.21,538.88,580.33,621.99,663.43,704.21,743.84,781.85,817.73,851.01,881.22,907.91,930.70,949.24,963.24,972.48
10,29759.22,28810.36,27872.88,26954.50,25930.33,24934.07,24112.18,23361.20,22620.69,21900.76,21246.89,20608.52,19986.42,19381.05,18789.14,18205.92,17640.71,17093.76,16544.39,16006.65,15461.53,14908.98,14320.03,13706.75,13085.05,12454.89,11815.40,11164.05,10504.77,9867.87,9321.38,8783.94,8300.60,7823.69,7349.15,6876.94,6406.15,5920.38,5431.03,4943.78,4441.99,3944.16,3461.98,2999.23,2562.96,2150.18,1769.55,1421.29,1107.45,830.19,591.51,392.26,232.93,114.05,36.29
10.10,10.00,11.48,13.15,15.01,17.05,19.28,21.68,24.34,27.27,30.50,34.04,37.90,42.10,46.64,51.54,56.79,62.41,68.38,74.71,81.37,88.74,96.90,105.93,115.95,127.07,139.42,153.17,168.48,185.56,204.62,225.94,248.92,273.65,300.16,328.51,358.72,390.82,424.82,460.70,498.46,538.04,579.39,620.95,662.29,702.95,742.48,780.38,816.17,849.35,879.47,906.09,928.81,947.30,961.25,970.46
11,29749.51,28710.11,27676.21,26656.84,25665.36,24701.94,23895.33,23151.46,22417.95,21705.11,21058.27,20426.79,19811.44,19212.66,18625.56,18043.61,17479.49,16933.48,16388.52,15856.57,15317.31,14770.70,14183.43,13570.36,12948.83,12318.80,11684.06,11052.85,10413.75,9794.47,9249.19,8713.08,8227.20,7747.27,7273.46,6802.38,6333.13,5851.34,5367.57,4885.90,4389.30,3897.30,3419.92,2962.15,2530.34,2122.24,1746.11,1401.86,1091.88,818.11,582.60,386.10,229.15,112.21,35.70
11.11,10.00,11.48,13.15,15.01,17.06,19.29,21.68,24.34,27.28,30.51,34.05,37.92,42.12,46.67,51.57,56.83,62.45,68.44,74.77,81.45,88.83,97.00,106.05,116.09,127.23,139.61,153.39,168.74,185.86,204.98,226.35,249.40,274.21,300.81,329.25,359.57,391.79,425.92,461.95,499.86,539.61,581.15,622.90,664.43,705.30,745.03,783.12,819.09,852.45,882.74,909.50,932.35,950.94,964.97,974.24
12,29636.08,28663.72,27700.77,26755.53,25802.67,24879.01,24081.83,23333.84,22596.35,21879.62,21228.40,20592.66,19973.20,19370.44,18777.59,18185.92,17612.21,17056.78,16503.56,15963.94,15416.83,14862.18,14271.05,13656.57,13033.61,12402.13,11761.52,11110.18,10450.91,9811.75,9245.26,8689.13,8190.70,7699.44,7222.53,6748.94,6277.83,5797.46,5316.41,4837.62,4345.40,3857.89,3385.08,2932.05,2504.55,2100.49,1728.12,1387.18,1080.18,808.96,575.77,381.32,226.15,110.67,35.19
12.12,10.00,11.48,13.15,15.01,17.06,19.29,21.69,24.34,27.28,30.51,34.06,37.92,42.12,46.67,51.58,56.84,62.47,68.45,74.79,81.47,88.86,97.03,106.08,116.13,127.28,139.67,153.46,168.82,185.95,205.08,226.47,249.55,274.37,301.00,329.47,359.82,392.07,426.24,462.31,500.27,540.08,581.67,623.47,665.07,705.99,745.78,783.93,819.96,853.37,883.70,910.51,933.39,952.01,966.07,975.35
