Month,0.0125,0.01434,0.016404,0.018694,0.021206,0.02393,0.026849,0.030074,0.033623,0.037515,0.041764,0.046384,0.051386,0.05678,0.06257,0.06876,0.075347,0.082325,0.089684,0.097408,0.105909,0.115273,0.125596,0.136986,0.149561,0.163458,0.178827,0.195837,0.214679,0.235567,0.258743,0.283548,0.310015,0.338169,0.368022,0.399577,0.432822,0.467732,0.504269,0.542379,0.581991,0.623018,0.663901,0.704243,0.743627,0.781631,0.817824,0.851783,0.883096,0.911374,0.936255,0.957414,0.974571,0.987495,0.99601
1,29953.53,28922.58,27898.26,26890.11,26068.63,25279.98,24515.91,23755.84,23006.53,22272.55,21572.35,20887.04,20217.53,19564.38,18939.51,18357.07,17792.77,17246.86,16704.47,16175.85,15640.22,15097.53,14520.84,13921.62,13314.30,12698.74,12060.06,11362.18,10656.22,9955.96,9290.30,8640.52,8082.77,7539.34,7052.90,6571.68,6095.02,5624.29,5157.24,4692.54,4217.70,3746.58,3289.57,2850.73,2436.54,2043.80,1681.76,1349.90,1050.73,785.93,558.75,369.59,218.96,107.06,34.03
1.1,10.00,11.48,13.15,15.01,17.06,19.28,21.68,24.34,27.27,30.50,34.04,37.91,42.11,46.65,51.55,56.81,62.43,68.40,74.73,81.40,88.78,96.94,105.98,116.00,127.13,139.50,153.26,168.58,185.68,204.76,226.09,249.11,273.86,300.41,328.79,359.05,391.19,425.24,461.18,499.00,538.65,580.07,621.70,663.11,703.86,743.46,781.44,817.29,850.54,880.72,907.40,930.17,948.70,962.68,971.91
2,30305.65,29216.40,28130.97,27059.33,26161.62,25295.18,24488.31,23699.96,22921.24,22162.88,21473.03,20798.17,20139.17,19496.59,18881.22,18305.91,17748.69,17209.79,16666.12,16133.35,15593.42,15046.28,14469.82,13873.38,13268.87,12656.17,12019.63,11320.80,10613.93,9915.50,9260.78,8621.41,8078.50,7548.99,7069.47,6594.41,6123.08,5653.28,5185.56,4719.91,4242.58,3768.86,3309.20,2867.65,2450.96,2055.80,1691.56,1357.70,1056.72,790.38,561.91,371.70,220.21,107.66,34.22
2.2,10.00,11.48,13.15,15.01,17.06,19.28,21.68,24.34,27.27,30.50,34.04,37.90,42.10,46.65,51.55,56.80,62.42,68.40,74.72,81.39,88.77,96.92,105.96,115.98,127.11,139.47,153.23,168.55,185.64,204.72,226.04,249.05,273.79,300.33,328.70,358.94,391.07,425.10,461.02,498.82,538.44,579.84,621.45,662.84,703.56,743.14,781.09,816.92,850.15,880.31,906.97,929.72,948.23,962.21,971.43
3,30081.95,29139.08,28208.66,27298.62,26350.11,25432.04,24591.66,23776.95,22970.98,22187.18,21485.99,20799.53,20128.72,19474.15,18848.47,18266.70,17702.98,17157.56,16609.77,16073.80,15530.53,14979.92,14399.75,13799.57,13191.22,12574.62,11935.69,11240.71,10537.73,9848.18,9216.68,8599.32,8074.22,7560.79,7085.93,6614.99,6147.19,5676.66,5206.89,4739.22,4259.50,3783.58,3322.02,2878.97,2460.71,2064.03,1698.37,1363.31,1061.34,794.57,565.39,374.36,221.97,108.59,34.53
3.3,10.00,11.48,13.15,15.01,17.06,19.28,21.68,24.34,27.27,30.50,34.04,37.91,42.11,46.65,51.55,56.81,62.43,68.41,74.74,81.41,88.79,96.95,105.99,116.01,127.14,139.51,153.28,168.61,185.70,204.79,226.13,249.15,273.91,300.47,328.86,359.12,391.28,425.34,461.29,499.12,538.79,580.22,621.87,663.30,704.06,743.69,781.68,817.55,850.82,881.02,907.70,930.49,949.02,963.01,972.25
4,30672.40,29729.00,28799.41,27891.36,26896.81,25932.71,25047.95,24188.30,23336.37,22507.56,21771.29,21049.36,20342.77,19652.20,18994.66,18390.40,17804.32,17236.77,16674.36,16126.54,15571.08,15007.94,14417.84,13809.15,13192.13,12566.73,11924.93,11247.82,10562.70,9889.90,9270.97,8665.32,8140.13,7625.81,7146.63,6671.42,6199.41,5725.02,5251.52,4780.11,4296.49,3816.75,3351.49,2905.00,2483.44,2084.57,1716.42,1379.40,1075.60,806.85,575.13,381.35,226.35,110.80,35.25
4.4,10.00,11.48,13.15,15.01,17.06,19.29,21.68,24.34,27.28,30.51,34.05,37.91,42.11,46.66,51.56,56.82,62.44,68.42,74.75,81.42,88.80,96.96,106.01,116.04,127.17,139.54,153.31,168.65,185.75,204.85,226.20,249.23,274.00,300.57,328.98,359.26,391.44,425.52,461.50,499.35,539.04,580.51,622.19,663.65,704.45,744.10,782.13,818.03,851.33,881.55,908.26,931.07,949.61,963.62,972.87
5,31729.66,30631.70,29540.37,28465.20,27427.33,26419.99,25490.26,24583.53,23683.41,22809.24,22049.33,21303.61,20573.16,19858.70,19179.26,18557.72,17954.56,17370.14,16795.20,16236.48,15669.85,15095.27,14498.02,13884.42,13262.43,12631.99,11986.01,11307.41,10620.76,9949.48,9342.60,8748.15,8237.86,7737.12,7262.78,6791.28,6321.73,5842.04,5360.56,4880.93,4386.75,3896.47,3421.36,2965.51,2535.24,2128.48,1752.90,1409.25,1099.44,825.11,588.36,390.24,231.68,113.43,36.09
5.5,10.00,11.48,13.15,15.01,17.06,19.28,21.68,24.34,27.27,30.50,34.04,37.91,42.11,46.65,51.55,56.81,62.43,68.41,74.74,81.41,88.78,96.95,105.99,116.01,127.14,139.51,153.27,168.60,185.70,204.79,226.13,249.15,273.91,300.46,328.85,359.12,391.27,425.33,461.28,499.11,538.77,580.21,621.85,663.28,704.05,743.67,781.66,817.53,850.79,880.99,907.68,930.46,948.99,962.98,972.22
6,32297.14,31137.23,29981.36,28839.79,27777.54,26745.94,25791.60,24859.41,23933.29,23035.06,22263.84,21506.86,20765.20,20039.62,19348.96,18715.61,18100.79,17504.90,16927.90,16370.38,15805.06,15231.90,14636.61,14025.41,13405.89,12777.96,12132.97,11450.77,10760.40,10085.48,9473.89,8874.70,8366.62,7867.35,7390.44,6915.86,6442.68,5955.59,5465.64,4977.42,4473.29,3973.30,3488.52,3023.46,2584.56,2170.23,1787.56,1437.38,1121.64,841.86,600.33,398.14,236.33,115.68,36.80
6.6,10.00,11.48,13.15,15.01,17.06,19.29,21.68,24.34,27.28,30.51,34.05,37.91,42.11,46.66,51.56,56.82,62.44,68.42,74.75,81.43,88.81,96.97,106.01,116.05,127.18,139.56,153.33,168.67,185.77,204.87,226.23,249.26,274.04,300.62,329.03,359.32,391.50,425.59,461.58,499.45,539.15,580.63,622.32,663.80,704.61,744.28,782.31,818.23,851.54,881.77,908.49,931.31,949.86,963.87,973.12
7,32374.07,31199.73,30028.69,28871.41,27814.31,26788.05,25833.22,24897.86,23968.52,23066.11,22285.36,21518.65,20767.10,20031.49,19334.57,18703.40,18090.75,17497.00,16928.29,16381.02,15826.27,15263.99,14685.61,14094.82,13496.11,12889.32,12263.76,11594.94,10917.84,10252.17,9637.44,9034.89,8525.98,8025.13,7539.99,7057.10,6575.49,6076.36,5573.68,5073.23,4557.58,4046.60,3551.94,3077.98,2630.76,2208.57,1818.79,1462.20,1140.80,856.16,610.47,404.78,240.21,117.54,37.38
7.7,10.00,11.48,13.15,15.01,17.06,19.29,21.68,24.34,27.28,30.51,34.05,37.91,42.11,46.66,51.56,56.82,62.45,68.43,74.76,81.43,88.81,96.98,106.03,116.06,127.20,139.57,153.35,168.69,185.80,204.90,226.26,249.31,274.09,300.68,329.10,359.40,391.59,425.69,461.69,499.58,539.29,580.79,622.50,664.00,704.82,744.51,782.57,818.50,851.82,882.07,908.81,931.63,950.20,964.22,973.47
8,31982.38,30846.34,29715.06,28598.61,27563.83,26559.89,25629.04,24719.12,23815.89,22938.58,22173.88,21423.43,20688.30,19969.23,19285.54,18659.99,18052.90,17464.65,16891.20,16335.81,15772.67,15201.72,14622.32,14034.66,13439.12,12835.54,12208.69,11524.05,10831.19,10158.06,9559.88,8973.12,8477.69,7989.13,7508.43,7029.74,6552.07,6056.20,5556.50,5058.82,4544.82,4035.48,3541.98,3068.97,2622.65,2201.11,1812.13,1456.27,1135.64,851.96,607.32,402.73,239.08,117.05,37.24
8.8,10.00,11.48,13.15,15.01,17.06,19.29,21.68,24.34,27.28,30.51,34.05,37.92,42.12,46.66,51.57,56.83,62.45,68.43,74.77,81.44,88.82,96.99,106.04,116.07,127.21,139.59,153.37,168.72,185.83,204.94,226.31,249.36,274.15,300.74,329.18,359.49,391.69,425.81,461.82,499.72,539.46,580.98,622.71,664.22,705.07,744.78,782.85,818.80,852.15,882.41,909.16,932.00,950.58,964.61,973.86
9,31079.68,30067.87,29066.56,28084.29,27076.36,26098.95,25205.47,24339.05,23480.35,22645.25,21905.56,21180.32,20470.54,19776.90,19117.62,18514.52,17929.73,17363.55,16798.47,16246.67,15687.17,15119.95,14541.13,13952.31,13355.59,12750.80,12125.05,11447.84,10762.47,10090.00,9474.02,8870.68,8361.05,7860.59,7381.68,6905.35,6430.66,5942.75,5452.22,4963.70,4459.58,3959.79,3475.59,3011.28,2573.32,2159.56,1777.82,1428.43,1113.57,835.10,595.20,394.78,234.45,114.84,36.55
9.9,10.00,11.48,13.15,15.01,17.06,19.29,21.68,24.34,27.28,30.51,34.05,37.91,42.11,46.66,51.55,56.81,62.43,68.41,74.74,81.42,88.79,96.95,106.00,116.02,127.16,139.53,153.29,168.63,185.73,204.82,226.16,249.19,273.96,300.52,328.92,359.19,391.36,425.43,461.39,499.23,538.91,580.36,622.03,663.47,704.25,743.89,781.90,817.79,851.07,881.28,907.98,930.77,949.31,963.31,972.55
10,30003.77,29086.26,28182.66,27300.49,26331.84,25393.17,24546.74,23732.51,22926.99,22142.22,21432.64,20737.54,20057.86,19394.21,18764.53,18190.70,17634.85,17097.21,16551.95,16016.55,15473.84,14923.78,14352.64,13766.14,13171.75,12569.32,11943.55,11256.50,10561.44,9883.13,9275.52,8680.55,8177.32,7683.91,7213.09,6745.06,6278.93,5802.53,5324.11,4847.55,4356.73,3869.63,3397.50,2944.25,2516.68,2112.29,1739.11,1397.53,1089.60,817.34,582.67,386.52,229.57,112.45,35.79
10.10,10.00,11.48,13.15,15.01,17.06,19.28,21.68,24.34,27.27,30.50,34.04,37.90,42.10,46.64,51.54,56.80,62.42,68.39,74.72,81.39,88.76,96.91,105.95,115.97,127.09,139.45,153.21,168.53,185.61,204.68,226.00,249.00,273.74,300.27,328.63,358.86,390.98,425.00,460.91,498.69,538.30,579.68,621.26,662.63,703.33,742.90,780.83,816.64,849.85,880.00,906.64,929.39,947.89,961.86,971.08
11,29671.90,28670.43,27676.67,26699.47,25784.41,24899.40,24095.98,23320.94,22555.35,21807.44,21112.63,20432.14,19766.90,19117.50,18501.37,17938.92,17394.18,16867.37,16335.77,15815.07,15287.40,14752.69,14184.31,13594.10,12995.86,12389.49,11764.64,11098.01,10423.45,9768.31,9185.72,8614.55,8115.52,7624.66,7152.85,6684.28,6218.11,5743.94,5269.09,4796.29,4309.83,3827.67,3359.78,2911.00,2487.45,2087.07,1717.80,1379.68,1075.04,805.64,573.75,380.15,225.54,110.39,35.12
11.11,10.00,11.48,13.15,15.01,17.06,19.29,21.68,24.34,27.28,30.51,34.05,37.92,42.12,46.67,51.57,56.83,62.45,68.44,74.77,81.45,88.83,97.00,106.05,116.09,127.23,139.61,153.39,168.74,185.86,204.98,226.35,249.41,274.21,300.81,329.26,359.58,391.80,425.93,461.96,499.87,539.63,581.17,622.92,664.45,705.32,745.05,783.15,819.12,852.48,882.77,909.53,932.38,950.97,965.01,974.27
12,29607.16,28565.08,27527.95,26505.18,25587.53,24699.48,23902.61,23138.56,22384.07,21648.18,20969.87,20306.05,19657.61,19025.09,18421.63,17862.28,17320.57,16796.70,16272.41,15760.44,15241.73,14716.21,14153.69,13567.77,12973.89,12371.95,11750.51,11084.62,10410.81,9753.70,9159.60,8577.63,8066.84,7565.22,7088.69,6616.22,6147.06,5675.46,5205.00,4736.70,4256.72,3780.95,3319.15,2876.28,2458.01,2062.26,1697.30,1362.59,1060.91,794.14,564.92,373.89,221.61,108.39,34.46
12.12,10.00,11.48,13.15,15.01,17.06,19.29,21.69,24.34,27.28,30.51,34.06,37.92,42.12,46.67,51.58,56.84,62.47,68.45,74.79,81.47,88.85,97.03,106.08,116.12,127.27,139.66,153.45,168.81,185.93,205.06,226.45,249.52,274.34,300.96,329.43,359.78,392.03,426.19,462.26,500.21,540.00,581.59,623.38,664.97,705.88,745.66,783.80,819.82,853.22,883.54,910.35,933.23,951.84,965.89,975.17
