Month,0.0125,0.01434,0.016404,0.018694,0.021206,0.02393,0.026849,0.030074,0.033623,0.037515,0.041764,0.046384,0.051386,0.05678,0.06257,0.06876,0.075347,0.082325,0.089684,0.097408,0.105909,0.115273,0.125596,0.136986,0.149561,0.163458,0.178827,0.195837,0.214679,0.235567,0.258743,0.283548,0.310015,0.338169,0.368022,0.399577,0.432822,0.467732,0.504269,0.542379,0.581991,0.623018,0.663901,0.704243,0.743627,0.781631,0.817824,0.851783,0.883096,0.911374,0.936255,0.957414,0.974571,0.987495,0.99601
1,29690.34,28739.44,27799.52,26878.67,25944.34,25039.95,24218.55,23425.62,22641.66,21879.14,21193.70,20522.92,19867.70,19228.60,18613.76,18032.55,17469.16,16923.87,16382.25,15854.39,15319.36,14777.09,14207.75,13619.95,13024.18,12420.34,11796.47,11124.80,10445.19,9777.30,9160.77,8557.64,8036.21,7525.79,7052.20,6582.61,6116.25,5648.65,5182.22,4717.72,4241.32,3768.58,3309.56,2868.73,2452.31,2057.36,1693.17,1359.17,1058.05,791.69,563.05,372.59,220.79,107.96,34.32
1.1,10.00,11.48,13.15,15.01,17.06,19.29,21.68,24.34,27.28,30.51,34.05,37.91,42.11,46.66,51.56,56.82,62.44,68.42,74.75,81.43,88.81,96.97,106.02,116.05,127.18,139.56,153.33,168.67,185.77,204.87,226.23,249.27,274.05,300.62,329.04,359.32,391.51,425.60,461.59,499.46,539.16,580.64,622.34,663.82,704.63,744.30,782.33,818.25,851.56,881.80,908.52,931.33,949.89,963.90,973.15
2,29883.76,28868.16,27860.15,26868.66,25956.48,25074.89,24279.05,23514.27,22759.72,22024.08,21346.56,20684.15,20037.71,19407.75,18798.71,18215.74,17650.80,17104.14,16554.63,16016.40,15470.78,14917.73,14339.86,13744.07,13140.20,12528.17,11895.00,11205.05,10507.17,9818.95,9183.08,8561.69,8030.17,7512.09,7036.48,6565.44,6097.90,5630.28,5164.07,4699.99,4224.74,3752.67,3295.48,2856.15,2441.88,2049.16,1686.86,1355.13,1055.78,790.76,562.79,372.55,220.79,107.68,34.14
2.2,10.00,11.48,13.15,15.01,17.05,19.28,21.68,24.33,27.27,30.49,34.03,37.89,42.08,46.62,51.52,56.77,62.38,68.35,74.67,81.33,88.69,96.83,105.86,115.86,126.96,139.30,153.03,168.32,185.37,204.40,225.67,248.62,273.29,299.75,328.03,358.17,390.20,424.11,459.90,497.55,537.03,578.26,619.69,660.90,701.44,740.84,778.62,814.28,847.35,877.36,903.89,926.53,944.95,958.86,968.03
3,30176.68,29212.02,28258.73,27324.85,26334.99,25374.62,24522.53,23709.84,22905.88,22125.28,21434.94,20759.54,20099.94,19456.71,18837.20,18250.07,17680.99,17130.23,16580.91,16044.61,15500.98,14949.98,14372.14,13775.56,13170.90,12558.05,11923.82,11235.09,10538.38,9852.65,9219.56,8600.69,8075.34,7562.05,7086.77,6615.44,6147.29,5676.46,5206.32,4738.35,4258.38,3782.09,3320.41,2877.10,2458.96,2062.97,1697.82,1363.54,1062.24,795.82,566.64,375.38,222.67,108.95,34.65
3.3,10.00,11.48,13.15,15.01,17.06,19.28,21.68,24.34,27.27,30.50,34.04,37.90,42.10,46.64,51.54,56.80,62.41,68.39,74.71,81.38,88.75,96.91,105.94,115.96,127.08,139.44,153.19,168.51,185.58,204.65,225.97,248.96,273.69,300.21,328.57,358.79,390.90,424.90,460.80,498.57,538.16,579.53,621.10,662.46,703.14,742.68,780.60,816.40,849.60,879.73,906.36,929.09,947.58,961.55,970.76
4,30601.52,29654.24,28720.22,27807.06,26779.12,25780.56,24900.24,24062.77,23233.60,22429.19,21722.09,21029.89,20353.51,19693.55,19058.36,18457.11,17874.08,17309.60,16746.07,16196.01,15638.27,15072.80,14484.07,13879.23,13266.13,12644.69,12002.32,11312.70,10614.98,9932.78,9308.30,8697.32,8180.81,7673.79,7198.13,6725.81,6256.00,5778.90,5301.56,4825.93,4336.75,3851.88,3381.28,2930.25,2504.14,2101.25,1729.61,1389.34,1082.83,811.91,578.53,383.52,227.61,111.41,35.40
4.4,10.00,11.48,13.15,15.01,17.06,19.29,21.69,24.35,27.28,30.52,34.06,37.93,42.13,46.68,51.59,56.85,62.48,68.47,74.81,81.49,88.88,97.06,106.12,116.17,127.33,139.73,153.52,168.90,186.04,205.19,226.60,249.69,274.54,301.19,329.69,360.08,392.37,426.58,462.70,500.70,540.56,582.21,624.07,665.73,706.72,746.56,784.77,820.86,854.32,884.70,911.56,934.48,953.13,967.21,976.51
5,31606.92,30506.58,29412.40,28333.79,27254.59,26204.61,25281.27,24403.61,23533.34,22689.49,21958.42,21242.08,20541.45,19857.16,19200.91,18586.37,17990.23,17412.82,16842.04,16286.51,15723.20,15152.06,14557.27,13945.70,13325.79,12697.45,12050.06,11358.65,10659.14,9978.44,9371.44,8776.82,8270.09,7772.38,7297.23,6824.80,6354.18,5872.17,5388.11,4905.93,4408.65,3915.52,3437.41,2978.73,2545.97,2137.40,1760.18,1415.04,1103.91,828.35,590.58,391.62,232.44,113.78,36.20
5.5,10.00,11.48,13.15,15.01,17.06,19.29,21.68,24.34,27.28,30.51,34.05,37.91,42.11,46.66,51.56,56.82,62.44,68.42,74.75,81.42,88.80,96.96,106.01,116.04,127.17,139.55,153.31,168.65,185.75,204.85,226.20,249.24,274.01,300.58,328.99,359.27,391.45,425.53,461.51,499.37,539.06,580.53,622.21,663.68,704.47,744.13,782.16,818.06,851.36,881.58,908.30,931.10,949.65,963.66,972.91
6,32219.77,31058.58,29901.12,28757.50,27656.79,26585.57,25635.33,24727.34,23826.12,22952.58,22201.07,21464.15,20742.85,20037.86,19362.10,18730.48,18117.39,17523.24,16943.95,16382.83,15813.81,15236.83,14640.05,14028.71,13409.04,12780.95,12135.80,11454.07,10764.16,10093.65,9496.31,8910.50,8410.90,7918.69,7442.39,6968.06,6494.72,6004.09,5509.84,5017.40,4508.87,4004.75,3516.09,3047.58,2605.29,2187.83,1802.21,1449.22,1130.89,848.71,605.12,401.19,238.07,116.50,37.05
6.6,10.00,11.48,13.15,15.01,17.06,19.29,21.68,24.34,27.28,30.51,34.05,37.92,42.12,46.67,51.57,56.83,62.45,68.44,74.77,81.45,88.83,97.00,106.05,116.08,127.23,139.61,153.39,168.74,185.86,204.97,226.34,249.40,274.20,300.80,329.24,359.56,391.77,425.90,461.93,499.84,539.59,581.12,622.87,664.40,705.27,744.99,783.08,819.05,852.41,882.69,909.45,932.30,950.88,964.92,974.18
7,32280.23,31110.79,29944.75,28792.37,27699.73,26636.88,25686.69,24775.07,23870.18,22992.30,22233.65,21489.48,20760.85,20048.46,19366.56,18731.90,18115.80,17518.64,16948.60,16400.72,15845.36,15282.47,14709.77,14128.15,13538.79,12941.49,12322.47,11649.63,10968.48,10298.46,9679.25,9072.38,8562.03,8059.94,7572.33,7087.02,6603.02,6101.56,5596.47,5093.67,4575.59,4062.19,3565.39,3089.43,2640.45,2216.81,1825.65,1467.70,1145.00,859.18,612.53,406.10,240.98,117.92,37.50
7.7,10.00,11.48,13.15,15.01,17.06,19.29,21.68,24.34,27.28,30.51,34.05,37.91,42.11,46.66,51.56,56.82,62.44,68.42,74.75,81.42,88.80,96.97,106.01,116.04,127.18,139.55,153.32,168.66,185.76,204.86,226.21,249.25,274.02,300.59,329.00,359.29,391.47,425.55,461.54,499.40,539.09,580.57,622.25,663.72,704.53,744.19,782.22,818.13,851.43,881.66,908.37,931.18,949.73,963.74,972.99
8,31897.80,30765.54,29638.11,28525.35,27450.49,26405.33,25475.87,24586.98,23705.35,22850.25,22109.04,21382.53,20671.73,19977.31,19311.57,18688.92,18084.76,17499.47,16927.93,16374.09,15812.56,15243.31,14670.91,14093.25,13507.93,12914.72,12293.88,11599.62,10897.10,10212.52,9599.04,8997.76,8502.40,8014.51,7534.32,7055.94,6578.35,6081.32,5579.86,5080.36,4564.80,4053.67,3558.80,3084.49,2636.84,2214.25,1823.91,1466.37,1143.87,858.06,611.57,405.40,240.56,117.74,37.45
8.8,10.00,11.48,13.15,15.01,17.06,19.29,21.68,24.34,27.28,30.51,34.05,37.91,42.11,46.66,51.56,56.82,62.44,68.42,74.75,81.43,88.81,96.97,106.02,116.05,127.18,139.56,153.33,168.67,185.77,204.87,226.23,249.26,274.04,300.62,329.03,359.32,391.51,425.59,461.58,499.45,539.15,580.64,622.33,663.80,704.61,744.28,782.32,818.24,851.54,881.78,908.50,931.31,949.87,963.88,973.13
9,30970.24,29964.74,28969.81,27993.74,26946.24,25928.06,25030.80,24177.28,23331.67,22511.42,21794.84,21093.06,20407.04,19737.38,19095.41,18494.17,17911.20,17346.82,16781.23,16228.28,15667.59,15099.11,14518.45,13927.51,13328.60,12721.58,12089.44,11393.87,10690.17,10012.50,9427.68,8853.84,8364.57,7881.87,7406.93,6934.04,6462.24,5973.59,5481.48,4991.22,4484.83,3982.92,3496.30,3029.72,2589.34,2173.26,1789.29,1437.70,1120.82,840.67,599.24,397.46,236.03,115.60,36.79
9.9,10.00,11.48,13.15,15.01,17.06,19.29,21.68,24.34,27.28,30.51,34.05,37.92,42.12,46.67,51.57,56.83,62.45,68.43,74.77,81.45,88.83,97.00,106.05,116.08,127.22,139.61,153.39,168.73,185.85,204.96,226.33,249.39,274.19,300.79,329.23,359.54,391.76,425.88,461.91,499.82,539.56,581.10,622.84,664.37,705.23,744.95,783.04,819.00,852.36,882.63,909.39,932.24,950.82,964.86,974.12
10,30294.16,29319.28,28355.33,27410.44,26410.56,25440.06,24584.50,23771.21,22966.71,22184.57,21485.84,20801.90,20133.65,19481.68,18856.68,18271.16,17703.70,17154.57,16599.88,16056.06,15504.68,14945.71,14366.16,13771.62,13169.03,12558.26,11928.73,11255.45,10574.14,9912.94,9329.67,8757.52,8258.70,7767.86,7293.35,6821.51,6351.45,5869.10,5384.50,4901.89,4404.10,3910.61,3432.41,2973.84,2541.30,2132.80,1755.86,1410.82,1099.86,824.88,587.94,389.93,231.54,113.40,36.08
10.10,10.00,11.48,13.15,15.01,17.06,19.29,21.68,24.34,27.28,30.51,34.05,37.91,42.11,46.66,51.56,56.82,62.44,68.41,74.75,81.42,88.80,96.96,106.00,116.03,127.16,139.54,153.31,168.64,185.74,204.84,226.19,249.22,273.99,300.55,328.96,359.24,391.41,425.48,461.46,499.31,539.00,580.46,622.13,663.59,704.38,744.03,782.05,817.94,851.23,881.45,908.16,930.96,949.51,963.51,972.75
11,29826.12,28833.17,27848.89,26881.87,25934.63,25017.04,24197.64,23413.83,22639.31,21886.03,21207.24,20543.31,19895.08,19263.10,18657.53,18090.26,17540.85,17009.53,16467.15,15933.59,15392.72,14844.49,14275.71,13692.05,13100.52,12500.97,11877.93,11194.97,10504.03,9833.88,9243.49,8664.84,8161.67,7667.27,7192.61,6721.22,6252.28,5775.65,5298.23,4822.87,4333.72,3848.69,3378.23,2926.80,2500.93,2098.17,1726.77,1386.83,1080.55,809.64,576.53,381.97,226.63,110.94,35.29
11.11,10.00,11.48,13.15,15.01,17.06,19.29,21.68,24.34,27.28,30.51,34.05,37.91,42.11,46.66,51.56,56.82,62.44,68.42,74.75,81.42,88.80,96.96,106.00,116.03,127.17,139.54,153.31,168.64,185.74,204.84,226.19,249.22,273.99,300.56,328.96,359.24,391.41,425.49,461.47,499.32,539.01,580.47,622.14,663.60,704.39,744.04,782.06,817.96,851.25,881.47,908.18,930.98,949.53,963.53,972.78
12,28888.06,28009.99,27145.69,26302.20,25328.29,24382.27,23578.75,22831.61,22094.23,21377.70,20732.57,20102.40,19487.98,18889.77,18313.88,17767.53,17238.72,16727.63,16205.15,15690.70,15169.40,14641.20,14085.50,13510.71,12928.19,12337.80,11726.26,11059.31,10384.50,9724.14,9129.05,8546.25,8038.29,7540.65,7070.63,6604.15,6140.41,5672.17,5203.77,4737.30,4258.87,3783.73,3322.88,2879.92,2462.04,2066.13,1700.87,1366.31,1064.52,797.29,567.48,375.75,222.82,108.86,34.58
12.12,10.00,11.48,13.15,15.01,17.05,19.28,21.68,24.34,27.27,30.50,34.04,37.90,42.09,46.64,51.53,56.79,62.40,68.37,74.70,81.36,88.73,96.88,105.91,115.93,127.04,139.39,153.14,168.44,185.51,204.57,225.87,248.85,273.56,300.06,328.39,358.59,390.67,424.64,460.50,498.23,537.79,579.11,620.64,661.94,702.58,742.08,779.95,815.70,848.86,878.95,905.55,928.25,946.72,960.66,969.86
