Month,0.0125,0.01434,0.016404,0.018694,0.021206,0.02393,0.026849,0.030074,0.033623,0.037515,0.041764,0.046384,0.051386,0.05678,0.06257,0.06876,0.075347,0.082325,0.089684,0.097408,0.105909,0.115273,0.125596,0.136986,0.149561,0.163458,0.178827,0.195837,0.214679,0.235567,0.258743,0.283548,0.310015,0.338169,0.368022,0.399577,0.432822,0.467732,0.504269,0.542379,0.581991,0.623018,0.663901,0.704243,0.743627,0.781631,0.817824,0.851783,0.883096,0.911374,0.936255,0.957414,0.974571,0.987495,0.99601
1,29711.44,28698.78,27693.34,26703.90,25746.70,24818.58,24018.30,23267.99,22528.02,21810.78,21172.39,20549.75,19943.58,19354.29,18775.68,18199.34,17640.99,17100.87,16559.96,16031.23,15495.42,14952.45,14377.76,13781.71,13177.57,12565.26,11930.18,11236.43,10534.70,9849.14,9231.89,8627.93,8110.37,7603.72,7129.23,6658.36,6190.32,5717.81,5245.32,4774.85,4291.65,3812.13,3346.86,2899.93,2478.28,2078.50,1710.06,1372.71,1068.73,800.06,569.26,376.89,223.48,109.34,34.77
1.1,10.00,11.48,13.15,15.01,17.06,19.28,21.68,24.34,27.27,30.50,34.04,37.90,42.10,46.65,51.54,56.80,62.42,68.39,74.72,81.39,88.76,96.92,105.96,115.98,127.10,139.47,153.22,168.54,185.63,204.71,226.03,249.04,273.78,300.31,328.68,358.92,391.05,425.07,460.99,498.78,538.41,579.80,621.40,662.78,703.50,743.07,781.02,816.85,850.07,880.23,906.88,929.63,948.14,962.12,971.34
2,29223.72,28281.21,27349.18,26435.48,25463.56,24519.81,23731.59,23006.41,22292.10,21598.11,20966.79,20351.08,19751.71,19169.07,18597.22,18028.05,17476.69,16943.38,16408.63,15885.68,15355.73,14818.74,14249.04,13657.39,13057.71,12449.90,11821.74,11142.63,10455.60,9784.68,9182.59,8593.04,8081.27,7579.82,7107.19,6638.14,6171.87,5700.04,5227.95,4758.04,4275.95,3797.61,3333.92,2888.73,2468.80,2070.96,1704.18,1368.39,1065.76,798.12,568.04,376.14,223.03,109.12,34.70
2.2,10.00,11.48,13.15,15.01,17.06,19.28,21.68,24.34,27.27,30.50,34.04,37.90,42.10,46.64,51.54,56.80,62.41,68.39,74.71,81.38,88.75,96.91,105.95,115.96,127.09,139.45,153.20,168.52,185.60,204.67,225.98,248.98,273.71,300.24,328.59,358.82,390.93,424.95,460.85,498.62,538.23,579.60,621.18,662.54,703.23,742.78,780.70,816.51,849.71,879.85,906.49,929.23,947.72,961.69,970.91
3,29919.85,28956.96,28004.84,27071.71,26131.17,25220.81,24416.95,23653.28,22900.05,22167.34,21499.42,20847.02,20210.94,19591.66,18983.01,18376.78,17788.72,17219.18,16655.83,16107.45,15551.40,14987.64,14400.94,13797.95,13186.74,12567.22,11927.57,11240.28,10544.98,9867.84,9261.58,8667.90,8158.06,7657.77,7184.32,6714.08,6246.20,5770.85,5294.72,4820.51,4332.24,3848.02,3378.08,2927.03,2501.31,2098.25,1726.66,1386.50,1080.06,809.08,576.00,381.53,226.30,110.73,35.22
3.3,10.00,11.48,13.15,15.01,17.06,19.29,21.68,24.34,27.28,30.51,34.05,37.91,42.11,46.66,51.56,56.82,62.44,68.42,74.75,81.43,88.81,96.97,106.02,116.05,127.19,139.56,153.33,168.67,185.78,204.88,226.24,249.28,274.06,300.64,329.05,359.35,391.53,425.63,461.62,499.49,539.20,580.69,622.38,663.87,704.68,744.36,782.40,818.32,851.63,881.87,908.60,931.42,949.98,963.99,973.24
4,30905.91,29812.74,28724.37,27650.30,26606.53,25591.43,24737.73,23947.61,23167.41,22409.80,21730.30,21066.35,20418.79,19788.11,19170.51,18560.84,17969.52,17396.87,16827.41,16272.24,15709.26,15138.44,14539.21,13920.99,13294.27,12659.00,12006.71,11319.30,10623.79,9950.40,9354.15,8769.70,8263.16,7764.48,7285.03,6808.78,6334.88,5851.00,5366.28,4883.59,4387.22,3895.50,3418.56,2961.65,2530.32,2122.86,1747.13,1403.28,1093.63,819.95,584.19,387.22,229.78,112.47,35.75
4.4,10.00,11.48,13.15,15.01,17.06,19.29,21.69,24.35,27.28,30.52,34.06,37.93,42.13,46.68,51.58,56.85,62.48,68.46,74.80,81.49,88.87,97.05,106.11,116.15,127.31,139.70,153.50,168.86,186.00,205.14,226.55,249.63,274.47,301.12,329.60,359.98,392.25,426.45,462.55,500.53,540.37,582.00,623.84,665.47,706.43,746.25,784.44,820.50,853.95,884.31,911.14,934.05,952.69,966.76,976.05
5,31351.33,30240.22,29133.90,28041.99,26972.80,25932.46,25053.09,24236.60,23429.51,22645.32,21943.81,21257.68,20587.80,19934.73,19299.08,18680.95,18081.30,17500.47,16928.57,16372.82,15809.31,15238.02,14641.64,14027.88,13405.75,12775.15,12126.96,11440.67,10746.22,10070.50,9465.57,8872.67,8365.39,7866.24,7386.36,6909.14,6433.63,5944.73,5453.60,4964.55,4459.77,3959.73,3475.01,3010.46,2572.23,2158.65,1777.06,1428.12,1113.79,835.65,595.72,395.00,234.45,114.77,36.51
5.5,10.00,11.48,13.15,15.01,17.06,19.29,21.68,24.34,27.28,30.51,34.05,37.92,42.12,46.67,51.57,56.83,62.46,68.44,74.77,81.45,88.83,97.00,106.06,116.09,127.24,139.62,153.40,168.75,185.87,204.99,226.37,249.43,274.23,300.83,329.28,359.61,391.83,425.96,462.00,499.92,539.68,581.23,622.98,664.53,705.40,745.14,783.24,819.22,852.59,882.88,909.65,932.51,951.10,965.14,974.40
6,31868.19,30707.09,29548.89,28403.76,27311.47,26248.18,25345.77,24505.62,23674.44,22866.61,22146.18,21440.99,20751.97,20079.70,19426.96,18796.42,18184.48,17591.53,17020.88,16470.82,15913.24,15348.09,14756.57,14146.94,13529.05,12902.78,12257.77,11570.48,10874.93,10199.82,9601.86,9015.21,8515.30,8022.34,7537.79,7055.45,6574.33,6074.92,5571.87,5071.14,4554.94,4043.62,3548.33,3073.78,2626.27,2204.22,1814.76,1458.64,1137.82,853.85,608.77,403.64,239.54,117.24,37.29
6.6,10.00,11.48,13.15,15.01,17.06,19.29,21.68,24.34,27.28,30.51,34.05,37.92,42.12,46.66,51.57,56.83,62.45,68.43,74.77,81.44,88.82,96.99,106.04,116.07,127.21,139.59,153.37,168.72,185.83,204.94,226.31,249.36,274.15,300.74,329.17,359.48,391.69,425.81,461.82,499.72,539.46,580.97,622.70,664.22,705.07,744.77,782.85,818.80,852.14,882.41,909.16,932.00,950.57,964.60,973.86
7,31912.32,30747.92,29586.47,28438.14,27353.38,26297.94,25396.65,24554.90,23722.19,22911.40,22180.93,21465.53,20766.18,20083.48,19422.43,18788.57,18173.32,17577.08,17009.92,16465.68,15914.12,15355.19,14771.36,14169.94,13560.43,12942.68,12305.71,11622.13,10930.27,10261.68,9685.80,9119.79,8628.13,8142.90,7651.65,7162.57,6674.67,6166.28,5653.01,5142.52,4618.24,4098.65,3596.79,3116.22,2663.18,2235.75,1841.13,1480.14,1154.73,866.34,617.53,409.32,242.84,118.82,37.79
7.7,10.00,11.48,13.15,15.01,17.06,19.28,21.68,24.34,27.27,30.50,34.04,37.90,42.10,46.64,51.54,56.80,62.41,68.39,74.72,81.38,88.75,96.91,105.95,115.97,127.09,139.45,153.20,168.52,185.60,204.67,225.99,248.98,273.72,300.24,328.60,358.83,390.94,424.95,460.86,498.63,538.24,579.61,621.19,662.55,703.25,742.80,780.73,816.53,849.74,879.88,906.52,929.26,947.75,961.72,970.94
8,31495.80,30372.71,29254.09,28149.71,27080.12,26039.65,25156.31,24334.24,23521.56,22731.72,22025.23,21334.13,20659.32,20001.35,19360.83,18737.80,18133.31,17547.73,16985.92,16445.09,15897.03,15341.67,14766.39,14176.53,13578.79,12972.99,12339.74,11632.96,10917.88,10233.79,9662.72,9101.30,8616.81,8137.71,7648.04,7160.42,6673.83,6165.94,5653.29,5143.31,4618.97,4099.52,3597.60,3117.11,2663.94,2236.22,1841.39,1480.08,1154.39,865.98,617.26,409.23,242.87,118.88,37.82
8.8,10.00,11.48,13.15,15.01,17.06,19.28,21.68,24.34,27.27,30.51,34.05,37.91,42.11,46.65,51.55,56.81,62.43,68.41,74.74,81.41,88.79,96.95,105.99,116.02,127.15,139.52,153.28,168.61,185.71,204.80,226.14,249.16,273.93,300.48,328.88,359.14,391.30,425.36,461.32,499.16,538.82,580.27,621.92,663.35,704.12,743.75,781.75,817.62,850.89,881.09,907.79,930.57,949.11,963.10,972.34
9,30628.58,29616.70,28614.18,27629.41,26580.90,25560.95,24705.27,23914.64,23133.87,22375.28,21693.51,21027.20,20377.20,19744.03,19127.06,18524.91,17941.08,17375.86,16819.50,16279.00,15731.18,15175.98,14602.15,14014.57,13419.11,12815.61,12186.56,11492.15,10789.53,10115.01,9540.47,8976.07,8489.56,8008.69,7526.55,7046.45,6567.41,6068.70,5565.94,5065.53,4548.97,4037.46,3542.39,3068.30,2621.26,2199.41,1810.33,1454.35,1133.69,850.11,605.80,401.69,238.49,116.79,37.16
9.9,10.00,11.48,13.15,15.01,17.06,19.29,21.68,24.34,27.28,30.51,34.05,37.92,42.12,46.66,51.57,56.83,62.45,68.43,74.76,81.44,88.82,96.99,106.04,116.07,127.21,139.59,153.37,168.71,185.82,204.93,226.30,249.35,274.14,300.73,329.16,359.47,391.67,425.78,461.80,499.69,539.42,580.94,622.66,664.17,705.02,744.72,782.79,818.74,852.08,882.34,909.09,931.92,950.49,964.52,973.78
10,29667.14,28739.79,27824.74,26929.34,25903.67,24905.69,24085.35,23336.73,22598.57,21880.67,21225.23,20585.18,19961.30,19354.06,18761.42,18180.44,17617.40,17072.58,16525.29,15990.09,15447.55,14897.62,14319.97,13723.93,13119.78,12507.40,11881.74,11232.10,10574.41,9938.08,9376.30,8824.31,8334.70,7850.63,7372.35,6896.64,6422.59,5933.37,5441.95,4952.51,4448.71,3949.71,3465.74,3002.20,2564.71,2151.71,1770.87,1422.26,1108.34,830.98,592.13,392.66,233.15,114.19,36.33
10.10,10.00,11.48,13.15,15.01,17.06,19.29,21.69,24.35,27.28,30.52,34.06,37.93,42.13,46.68,51.59,56.85,62.48,68.47,74.81,81.49,88.88,97.06,106.11,116.16,127.32,139.72,153.51,168.88,186.02,205.17,226.57,249.67,274.51,301.16,329.65,360.03,392.32,426.52,462.63,500.63,540.47,582.11,623.96,665.61,706.58,746.42,784.62,820.69,854.15,884.52,911.37,934.28,952.93,967.01,976.30
11,29654.50,28598.90,27547.72,26510.18,25528.22,24574.35,23776.67,23042.09,22318.08,21614.63,20976.76,20354.37,19748.20,19158.67,18580.24,18005.23,17448.03,16908.88,16371.34,15846.63,15314.85,14775.95,14207.78,13619.51,13023.29,12418.99,11800.44,11151.87,10495.36,9853.83,9278.65,8714.26,8212.28,7718.83,7242.54,6769.38,6298.49,5817.74,5335.27,4855.13,4361.51,3871.96,3397.95,2943.18,2514.64,2109.85,1736.53,1394.99,1087.21,814.94,580.51,384.72,228.30,111.70,35.52
11.11,10.00,11.48,13.15,15.01,17.05,19.28,21.68,24.34,27.27,30.50,34.04,37.90,42.10,46.64,51.54,56.79,62.41,68.38,74.71,81.37,88.74,96.90,105.93,115.95,127.07,139.42,153.17,168.48,185.56,204.62,225.93,248.92,273.64,300.16,328.50,358.71,390.81,424.80,460.69,498.44,538.02,579.37,620.93,662.26,702.93,742.46,780.35,816.14,849.32,879.44,906.05,928.78,947.26,961.21,970.42
12,29258.37,28330.99,27415.13,26518.52,25570.92,24652.26,23858.32,23113.02,22378.01,21663.74,21017.40,20386.39,19771.49,19173.13,18587.21,18007.92,17446.45,16903.05,16363.95,15838.68,15306.30,14766.78,14200.08,13614.60,13021.20,12419.77,11799.12,11131.45,10455.86,9797.27,9210.08,8634.53,8131.94,7638.54,7166.25,6697.15,6230.41,5755.90,5280.32,4806.74,4319.69,3836.42,3367.88,2918.03,2493.74,2092.07,1721.70,1382.54,1076.82,806.41,573.95,380.09,225.46,110.35,35.10
12.12,10.00,11.48,13.15,15.01,17.06,19.28,21.68,24.34,27.27,30.50,34.04,37.90,42.10,46.65,51.54,56.80,62.42,68.39,74.72,81.39,88.76,96.92,105.95,115.97,127.09,139.46,153.21,168.53,185.61,204.68,226.00,249.00,273.74,300.27,328.63,358.86,390.98,425.00,460.91,498.69,538.30,579.68,621.27,662.64,703.34,742.91,780.84,816.65,849.87,880.01,906.66,929.40,947.90,961.87,971.09
