Month,0.0125,0.01434,0.016404,0.018694,0.021206,0.02393,0.026849,0.030074,0.033623,0.037515,0.041764,0.046384,0.051386,0.05678,0.06257,0.06876,0.075347,0.082325,0.089684,0.097408,0.105909,0.115273,0.125596,0.136986,0.149561,0.163458,0.178827,0.195837,0.214679,0.235567,0.258743,0.283548,0.310015,0.338169,0.368022,0.399577,0.432822,0.467732,0.504269,0.542379,0.581991,0.623018,0.663901,0.704243,0.743627,0.781631,0.817824,0.851783,0.883096,0.911374,0.936255,0.957414,0.974571,0.987495,0.99601
1,30124.40,28937.37,27747.77,26566.55,25644.94,24753.09,23942.71,23160.54,22387.37,21634.95,20957.74,20295.10,19647.90,19016.68,18414.31,17857.07,17317.49,16795.78,16276.00,15768.74,15254.92,14734.46,14180.43,13603.35,13018.53,12425.83,11813.39,11148.23,10475.15,9809.08,9186.99,8578.58,8044.29,7522.91,7040.87,6564.05,6091.37,5620.81,5152.74,4687.22,4211.87,3739.96,3283.26,2844.56,2431.21,2039.63,1678.55,1348.09,1049.94,786.04,559.20,370.03,219.24,106.94,33.90
1.1,10.00,11.48,13.15,15.01,17.05,19.28,21.68,24.33,27.26,30.49,34.03,37.89,42.08,46.62,51.51,56.76,62.37,68.34,74.66,81.32,88.67,96.82,105.84,115.84,126.94,139.28,153.00,168.28,185.32,204.35,225.61,248.54,273.21,299.65,327.92,358.05,390.05,423.95,459.72,497.35,536.79,578.00,619.40,660.58,701.09,740.47,778.21,813.85,846.89,876.88,903.39,926.01,944.41,958.31,967.48
2,29910.46,28817.52,27727.01,26648.89,25697.37,24774.87,23940.21,23135.37,22338.54,21565.19,20883.86,20216.82,19564.97,18928.87,18322.38,17761.24,17217.64,16691.80,16168.28,15657.96,15140.89,14617.00,14059.70,13481.09,12894.63,12300.21,11687.87,11036.30,10376.84,9730.83,9137.49,8556.28,8045.33,7543.70,7071.42,6602.91,6137.37,5668.31,5199.95,4733.40,4253.62,3778.08,3316.03,2872.86,2454.34,2058.18,1693.17,1358.65,1057.40,791.20,562.66,372.31,220.63,107.88,34.25
2.2,10.00,11.48,13.15,15.01,17.06,19.29,21.69,24.35,27.28,30.51,34.06,37.92,42.13,46.68,51.58,56.85,62.47,68.46,74.80,81.48,88.87,97.04,106.10,116.14,127.30,139.69,153.48,168.85,185.99,205.12,226.52,249.60,274.44,301.07,329.56,359.92,392.19,426.37,462.46,500.44,540.27,581.88,623.71,665.32,706.27,746.08,784.26,820.31,853.74,884.09,910.92,933.82,952.45,966.51,975.80
3,29876.51,28934.38,28004.09,27093.56,26143.63,25223.64,24385.63,23575.00,22772.88,21992.11,21288.62,20599.49,19925.67,19267.75,18639.50,18056.40,17491.13,16943.97,16398.57,15866.57,15327.26,14780.59,14201.74,13602.18,12994.40,12378.33,11745.49,11078.07,10402.73,9748.26,9166.09,8595.36,8096.82,7606.07,7136.86,6670.74,6206.87,5734.05,5260.55,4788.69,4302.60,3820.94,3353.26,2905.04,2481.87,2082.19,1713.64,1376.02,1071.87,802.83,571.43,378.38,224.35,109.74,34.83
3.3,10.00,11.48,13.15,15.01,17.06,19.29,21.69,24.35,27.28,30.52,34.06,37.93,42.13,46.68,51.59,56.86,62.48,68.47,74.81,81.50,88.89,97.06,106.12,116.17,127.33,139.73,153.53,168.90,186.05,205.19,226.60,249.70,274.55,301.21,329.71,360.10,392.39,426.60,462.72,500.73,540.59,582.24,624.11,665.77,706.76,746.61,784.82,820.91,854.38,884.76,911.62,934.55,953.20,967.28,976.58
4,30968.46,29883.01,28803.12,27738.39,26745.78,25783.38,24902.27,24047.17,23199.72,22376.43,21651.77,20941.54,20246.72,19567.95,18919.80,18319.45,17737.21,17173.41,16610.95,16061.78,15504.90,14940.26,14343.51,13725.31,13098.58,12463.30,11816.20,11149.38,10474.61,9820.83,9246.81,8683.59,8185.15,7694.59,7220.68,6749.81,6281.12,5803.14,5323.87,4846.61,4354.93,3867.46,3394.52,2940.72,2512.63,2107.78,1734.53,1393.17,1085.75,813.89,579.76,384.19,227.94,111.54,35.48
4.4,10.00,11.48,13.15,15.01,17.06,19.29,21.68,24.34,27.28,30.51,34.05,37.91,42.11,46.66,51.56,56.82,62.44,68.42,74.75,81.43,88.80,96.97,106.01,116.04,127.18,139.56,153.33,168.66,185.77,204.87,226.22,249.26,274.04,300.61,329.02,359.31,391.49,425.58,461.57,499.43,539.13,580.61,622.30,663.78,704.59,744.25,782.29,818.20,851.51,881.74,908.46,931.27,949.83,963.84,973.09
5,31648.52,30550.10,29458.05,28381.99,27353.73,26356.06,25438.33,24545.10,23658.90,22798.31,22047.60,21311.29,20590.41,19885.68,19214.76,18598.74,18001.13,17422.27,16849.45,16291.69,15726.08,15152.58,14551.95,13932.54,13304.62,12668.17,12016.47,11333.59,10642.63,9970.26,9371.28,8784.23,8278.10,7780.69,7302.68,6827.61,6354.62,5871.18,5386.08,4903.03,4405.85,3912.82,3435.07,2976.85,2544.50,2136.20,1759.22,1414.31,1103.39,827.93,590.26,391.37,232.28,113.70,36.17
5.5,10.00,11.48,13.15,15.01,17.06,19.29,21.68,24.34,27.28,30.51,34.05,37.91,42.11,46.66,51.56,56.82,62.44,68.41,74.75,81.42,88.80,96.96,106.00,116.03,127.16,139.54,153.30,168.64,185.74,204.83,226.18,249.21,273.98,300.55,328.95,359.23,391.40,425.47,461.45,499.30,538.98,580.44,622.11,663.57,704.36,744.01,782.02,817.92,851.21,881.42,908.13,930.93,949.47,963.48,972.72
6,32261.56,31089.31,29920.24,28764.73,27696.08,26657.77,25705.80,24780.17,23860.74,22969.44,22206.01,21456.92,20723.22,20005.66,19323.54,18699.83,18094.63,17508.31,16937.73,16385.50,15825.65,15258.13,14666.16,14057.03,13439.63,12813.85,12167.93,11474.47,10772.84,10090.85,9484.84,8890.88,8392.33,7901.76,7426.54,6953.29,6481.02,5991.26,5497.60,5005.83,4497.73,3994.03,3506.18,3038.52,2597.22,2180.61,1795.92,1443.88,1126.51,845.35,602.70,399.58,237.10,116.02,36.90
6.6,10.00,11.48,13.15,15.01,17.06,19.29,21.68,24.34,27.28,30.51,34.05,37.91,42.11,46.66,51.56,56.82,62.44,68.42,74.75,81.43,88.81,96.97,106.02,116.05,127.18,139.56,153.33,168.67,185.77,204.87,226.23,249.26,274.04,300.62,329.03,359.32,391.51,425.60,461.58,499.45,539.15,580.64,622.33,663.81,704.62,744.28,782.32,818.24,851.55,881.78,908.51,931.32,949.87,963.89,973.13
7,32347.00,31177.06,30010.69,28858.23,27790.75,26753.84,25799.74,24870.40,23947.29,23051.40,22278.70,21520.22,20777.07,20050.00,19358.34,18725.28,18110.77,17515.20,16941.81,16388.98,15828.51,15260.35,14681.75,14093.81,13498.02,12894.19,12269.92,11595.79,10913.40,10243.33,9628.50,9025.88,8520.31,8023.06,7540.07,7059.12,6579.21,6080.49,5577.51,5076.76,4560.45,4048.70,3553.57,3079.16,2631.64,2209.03,1818.94,1462.08,1140.44,855.57,609.84,404.23,239.84,117.37,37.33
7.7,10.00,11.48,13.15,15.01,17.06,19.28,21.68,24.34,27.27,30.51,34.05,37.91,42.11,46.65,51.55,56.81,62.43,68.41,74.74,81.41,88.79,96.95,105.99,116.02,127.15,139.52,153.29,168.62,185.72,204.81,226.15,249.17,273.94,300.49,328.89,359.16,391.32,425.38,461.34,499.18,538.85,580.30,621.95,663.39,704.16,743.79,781.79,817.68,850.95,881.15,907.85,930.64,949.17,963.17,972.41
8,31925.59,30791.02,29661.27,28546.31,27498.52,26481.19,25550.14,24646.16,23749.00,22878.47,22125.51,21387.01,20664.03,19957.26,19283.29,18662.13,18059.44,17475.59,16904.62,16351.00,15789.69,15220.66,14652.62,14081.75,13503.34,12917.16,12305.43,11624.86,10936.00,10256.02,9621.68,9000.67,8491.02,7990.99,7508.58,7028.34,6549.28,6053.32,5553.40,5055.55,4542.38,4033.42,3540.83,3068.52,2622.97,2202.13,1813.55,1457.90,1137.22,853.16,608.17,403.24,239.33,117.16,37.27
8.8,10.00,11.48,13.15,15.01,17.06,19.28,21.68,24.34,27.27,30.50,34.04,37.91,42.10,46.65,51.55,56.80,62.42,68.40,74.73,81.40,88.77,96.93,105.97,115.99,127.11,139.48,153.24,168.56,185.65,204.73,226.06,249.06,273.81,300.35,328.72,358.97,391.10,425.14,461.06,498.87,538.50,579.90,621.51,662.91,703.64,743.22,781.18,817.02,850.25,880.42,907.08,929.84,948.36,962.33,971.56
9,31017.07,29989.59,28971.50,27971.49,26948.47,25955.37,25059.01,24195.42,23339.42,22508.55,21782.85,21071.75,20376.23,19696.94,19050.08,18455.22,17878.61,17320.54,16758.57,16208.07,15649.90,15084.02,14508.54,13924.19,13332.01,12731.84,12106.75,11415.54,10716.21,10034.69,9426.38,8830.39,8330.61,7839.75,7366.94,6896.21,6426.58,5941.81,5453.40,4966.65,4463.69,3964.62,3480.85,3016.52,2578.43,2164.17,1781.85,1431.83,1116.27,837.21,596.76,395.86,235.11,115.16,36.65
9.9,10.00,11.48,13.15,15.01,17.06,19.28,21.68,24.34,27.27,30.50,34.04,37.91,42.10,46.65,51.55,56.80,62.42,68.40,74.73,81.40,88.77,96.93,105.97,115.99,127.12,139.48,153.24,168.57,185.66,204.74,226.07,249.08,273.82,300.37,328.74,358.99,391.13,425.16,461.10,498.90,538.54,579.95,621.56,662.97,703.70,743.29,781.25,817.09,850.33,880.50,907.17,929.93,948.45,962.43,971.66
10,29922.56,29040.34,28173.92,27330.33,26366.44,25432.63,24587.25,23772.18,22965.79,22180.90,21473.81,20781.28,20104.25,19443.32,18814.59,18236.69,17676.79,17135.14,16584.41,16043.56,15495.24,14939.39,14361.77,13768.77,13167.72,12558.51,11929.58,11255.59,10573.56,9910.35,9316.65,8734.69,8231.03,7735.42,7259.70,6786.97,6316.36,5835.18,5352.73,4872.30,4377.43,3887.13,3411.53,2955.64,2525.34,2118.64,1743.61,1400.35,1091.21,818.08,582.93,386.57,229.54,112.43,35.78
10.10,10.00,11.48,13.15,15.01,17.06,19.29,21.69,24.34,27.28,30.51,34.05,37.92,42.12,46.67,51.58,56.84,62.46,68.45,74.79,81.47,88.85,97.02,106.08,116.12,127.26,139.65,153.44,168.80,185.93,205.05,226.44,249.51,274.33,300.95,329.41,359.76,392.00,426.16,462.22,500.17,539.96,581.54,623.33,664.91,705.82,745.59,783.73,819.74,853.14,883.46,910.25,933.13,951.74,965.79,975.07
11,29587.30,28645.13,27714.28,26802.91,25914.54,25057.14,24267.35,23500.22,22743.18,22003.35,21311.42,20634.20,19972.56,19327.09,18710.50,18137.86,17583.14,17046.58,16505.42,15975.23,15437.86,14893.27,14322.94,13734.79,13138.71,12534.55,11909.76,11234.43,10551.09,9881.38,9270.25,8671.97,8150.13,7638.75,7157.31,6679.98,6206.03,5729.32,5253.55,4780.17,4295.04,3814.04,3347.82,2900.58,2478.67,2079.62,1711.61,1374.68,1071.06,802.52,571.45,378.58,224.58,109.92,34.97
11.11,10.00,11.48,13.15,15.01,17.06,19.28,21.68,24.34,27.27,30.51,34.05,37.91,42.11,46.65,51.55,56.81,62.43,68.41,74.74,81.41,88.79,96.95,105.99,116.02,127.15,139.52,153.28,168.62,185.71,204.80,226.15,249.17,273.93,300.49,328.88,359.15,391.31,425.38,461.34,499.17,538.84,580.29,621.94,663.38,704.15,743.78,781.77,817.65,850.93,881.13,907.82,930.61,949.15,963.14,972.38
12,29717.77,28717.00,27724.26,26748.50,25878.85,25040.57,24264.89,23510.18,22766.05,22037.50,21345.39,20668.03,20006.34,19360.86,18741.26,18159.18,17595.06,17049.17,16506.33,15976.92,15440.38,14896.63,14329.27,13745.05,13152.96,12552.88,11931.34,11254.05,10568.77,9890.52,9252.94,8629.76,8086.01,7555.15,7070.30,6590.40,6114.78,5642.84,5173.91,4707.38,4230.71,3757.67,3299.24,2859.01,2443.74,2050.19,1687.29,1354.82,1054.97,789.72,561.83,371.84,220.37,107.55,34.13
12.12,10.00,11.48,13.15,15.01,17.05,19.28,21.68,24.34,27.27,30.50,34.04,37.90,42.10,46.64,51.54,56.79,62.41,68.38,74.70,81.37,88.74,96.89,105.92,115.94,127.06,139.41,153.16,168.47,185.54,204.61,225.91,248.90,273.62,300.13,328.47,358.67,390.77,424.76,460.63,498.38,537.95,579.30,620.84,662.17,702.83,742.34,780.23,816.01,849.18,879.29,905.90,928.62,947.10,961.05,970.26
