Month,0.0125,0.01434,0.016404,0.018694,0.021206,0.02393,0.026849,0.030074,0.033623,0.037515,0.041764,0.046384,0.051386,0.05678,0.06257,0.06876,0.075347,0.082325,0.089684,0.097408,0.105909,0.115273,0.125596,0.136986,0.149561,0.163458,0.178827,0.195837,0.214679,0.235567,0.258743,0.283548,0.310015,0.338169,0.368022,0.399577,0.432822,0.467732,0.504269,0.542379,0.581991,0.623018,0.663901,0.704243,0.743627,0.781631,0.817824,0.851783,0.883096,0.911374,0.936255,0.957414,0.974571,0.987495,0.99601
1,29454.86,28481.08,27516.49,26569.40,25617.99,24695.60,23892.17,23134.64,22387.00,21661.94,21018.71,20390.92,19779.31,19184.33,18603.69,18033.73,17481.61,16947.57,16405.70,15873.14,15333.30,14786.12,14209.52,13612.21,13006.78,12393.15,11761.39,11083.89,10398.53,9728.33,9129.97,8544.09,8034.14,7535.44,7065.02,6598.44,6134.65,5666.68,5198.48,4732.25,4254.30,3779.37,3319.09,2876.47,2459.15,2063.22,1698.09,1363.73,1061.97,794.95,565.51,374.28,221.86,108.31,34.37
1.1,10.00,11.48,13.15,15.01,17.05,19.28,21.68,24.33,27.26,30.49,34.03,37.89,42.08,46.62,51.51,56.76,62.37,68.34,74.66,81.32,88.68,96.82,105.85,115.85,126.95,139.29,153.01,168.30,185.34,204.37,225.64,248.58,273.24,299.69,327.97,358.10,390.12,424.02,459.80,497.44,536.90,578.11,619.53,660.72,701.25,740.63,778.39,814.04,847.09,877.09,903.61,926.24,944.65,958.55,967.72
2,29792.81,28770.56,27755.26,26755.67,25770.66,24814.20,23986.95,23209.51,22441.33,21696.32,21039.32,20397.48,19771.58,19162.10,18570.14,17996.47,17440.60,16902.80,16365.46,15840.39,15308.23,14768.95,14199.44,13608.87,13010.30,12403.64,11777.51,11100.78,10416.18,9745.00,9138.87,8545.62,8033.04,7532.00,7063.87,6599.35,6137.39,5671.53,5205.33,4740.71,4263.30,3788.65,3328.09,2884.84,2466.73,2069.94,1703.91,1368.57,1065.86,797.90,567.64,375.71,222.69,108.65,34.46
2.2,10.00,11.48,13.15,15.01,17.05,19.28,21.68,24.33,27.27,30.49,34.03,37.89,42.08,46.62,51.52,56.77,62.38,68.35,74.67,81.33,88.69,96.84,105.86,115.86,126.97,139.31,153.04,168.33,185.38,204.41,225.68,248.63,273.31,299.77,328.05,358.20,390.23,424.14,459.94,497.60,537.08,578.31,619.75,660.97,701.52,740.92,778.71,814.37,847.45,877.47,904.00,926.65,945.07,958.97,968.15
3,29758.03,28808.63,27870.61,26951.83,25956.03,24988.87,24155.78,23374.60,22602.79,21853.49,21187.22,20536.09,19900.91,19282.18,18681.25,18099.16,17534.98,16988.98,16446.51,15917.55,15381.44,14838.11,14264.59,13670.18,13067.72,12457.09,11828.80,11157.66,10478.60,9811.81,9204.38,8609.75,8091.38,7584.12,7110.95,6641.43,6174.70,5704.17,5233.61,4764.91,4283.66,3805.62,3342.18,2896.74,2476.54,2078.18,1710.69,1374.22,1070.72,802.33,571.34,378.53,224.54,109.67,34.82
3.3,10.00,11.48,13.15,15.01,17.05,19.28,21.68,24.33,27.27,30.50,34.03,37.89,42.09,46.63,51.53,56.78,62.39,68.36,74.69,81.35,88.71,96.86,105.89,115.90,127.01,139.36,153.10,168.40,185.46,204.51,225.80,248.77,273.46,299.95,328.26,358.44,390.50,424.45,460.29,497.99,537.52,578.81,620.30,661.57,702.17,741.64,779.47,815.19,848.32,878.38,904.96,927.64,946.09,960.02,969.21
4,30685.88,29677.27,28678.41,27697.70,26655.19,25641.58,24767.05,23945.43,23132.56,22344.17,21651.44,20973.89,20312.38,19667.46,19039.83,18429.68,17837.76,17264.42,16698.77,16148.59,15590.71,15025.09,14432.26,13820.63,13200.62,12572.18,11928.58,11253.67,10570.73,9905.16,9309.68,8726.07,8212.44,7708.14,7228.33,6752.07,6278.55,5798.66,5318.44,4840.44,4349.34,3862.38,3390.42,2937.67,2510.55,2106.68,1734.12,1393.24,1086.10,814.57,580.55,384.94,228.50,111.87,35.59
4.4,10.00,11.48,13.15,15.01,17.06,19.28,21.68,24.34,27.27,30.51,34.05,37.91,42.11,46.65,51.55,56.81,62.43,68.41,74.74,81.41,88.79,96.95,105.99,116.02,127.15,139.52,153.29,168.62,185.72,204.81,226.15,249.17,273.94,300.50,328.89,359.16,391.33,425.39,461.35,499.19,538.86,580.31,621.97,663.41,704.18,743.81,781.81,817.69,850.97,881.17,907.87,930.66,949.20,963.19,972.43
5,31855.66,30701.37,29550.47,28413.07,27335.03,26286.42,25371.24,24505.35,23647.47,22815.02,22087.22,21374.41,20677.56,19997.28,19339.80,18712.14,18103.01,17512.78,16931.56,16366.52,15793.44,15212.29,14610.85,13994.35,13369.44,12736.03,12087.97,11410.34,10724.59,10055.20,9453.59,8863.86,8345.87,7837.16,7354.60,6875.12,6397.85,5910.81,5422.26,4935.81,4434.98,3938.33,3457.21,2995.78,2560.47,2149.13,1769.51,1422.29,1109.39,832.46,593.53,393.62,233.67,114.40,36.40
5.5,10.00,11.48,13.15,15.01,17.06,19.28,21.68,24.34,27.27,30.50,34.04,37.91,42.11,46.65,51.55,56.81,62.43,68.41,74.74,81.41,88.78,96.95,105.99,116.01,127.14,139.51,153.27,168.60,185.70,204.79,226.13,249.14,273.90,300.46,328.85,359.11,391.26,425.32,461.27,499.10,538.76,580.20,621.84,663.27,704.03,743.65,781.64,817.51,850.77,880.97,907.65,930.44,948.97,962.96,972.19
6,32135.22,30957.37,29782.03,28619.52,27511.48,26432.50,25499.39,24620.63,23749.58,22904.69,22169.42,21449.07,20744.64,20056.75,19394.39,18767.86,18159.90,17570.89,16994.57,16435.68,15868.99,15294.44,14694.98,14078.05,13452.71,12818.86,12169.56,11488.58,10799.40,10132.08,9547.28,8973.18,8474.54,7982.84,7500.81,7020.96,6542.32,6046.53,5547.14,5049.84,4537.14,4028.92,3536.69,3064.85,2619.61,2199.17,1811.01,1455.89,1135.79,852.32,607.68,402.92,239.12,117.02,37.22
6.6,10.00,11.48,13.15,15.01,17.06,19.29,21.68,24.34,27.28,30.51,34.05,37.91,42.11,46.66,51.56,56.82,62.44,68.42,74.76,81.43,88.81,96.97,106.02,116.05,127.19,139.56,153.34,168.68,185.78,204.89,226.24,249.28,274.06,300.64,329.06,359.35,391.54,425.64,461.63,499.50,539.21,580.70,622.40,663.89,704.70,744.38,782.43,818.35,851.67,881.91,908.63,931.45,950.01,964.03,973.28
7,32138.51,30971.93,29808.64,28658.78,27554.47,26479.42,25546.61,24666.63,23794.41,22947.63,22206.79,21480.81,20770.69,20077.08,19409.24,18777.93,18165.22,17571.48,17000.20,16449.56,15891.38,15325.62,14742.73,14146.75,13542.77,12930.63,12297.49,11612.79,10919.81,10247.47,9656.28,9075.90,8584.01,8098.71,7612.53,7128.28,6644.92,6140.44,5631.10,5124.24,4602.39,4085.29,3585.31,3106.45,2654.86,2228.93,1835.65,1475.79,1151.37,863.91,615.87,408.26,242.23,118.52,37.69
7.7,10.00,11.48,13.15,15.01,17.06,19.28,21.68,24.34,27.27,30.51,34.05,37.91,42.11,46.65,51.55,56.81,62.43,68.41,74.74,81.41,88.79,96.95,105.99,116.02,127.15,139.52,153.28,168.61,185.71,204.80,226.14,249.16,273.92,300.48,328.87,359.14,391.30,425.36,461.31,499.15,538.81,580.25,621.90,663.34,704.10,743.73,781.73,817.60,850.87,881.07,907.76,930.55,949.08,963.08,972.31
8,31726.73,30601.00,29480.11,28373.78,27286.78,26228.87,25315.83,24457.34,23607.05,22782.21,22060.92,21354.73,20664.57,19991.06,19339.02,18713.70,18106.89,17518.98,16944.16,16386.84,15821.74,15248.82,14658.08,14053.82,13441.38,12820.64,12181.29,11499.05,10808.61,10146.66,9588.69,9039.80,8559.23,8083.54,7598.73,7115.80,6633.71,6130.28,5622.04,5116.23,4595.39,4079.32,3580.12,3101.96,2650.94,2225.23,1832.28,1472.64,1148.46,861.46,614.01,407.10,241.64,118.29,37.63
8.8,10.00,11.48,13.15,15.01,17.06,19.29,21.68,24.34,27.28,30.51,34.05,37.91,42.11,46.66,51.56,56.82,62.44,68.42,74.75,81.42,88.80,96.96,106.00,116.03,127.17,139.54,153.31,168.64,185.75,204.84,226.19,249.22,273.99,300.56,328.96,359.24,391.42,425.49,461.47,499.32,539.01,580.47,622.15,663.61,704.40,744.05,782.07,817.97,851.26,881.48,908.19,930.99,949.54,963.54,972.79
9,30819.65,29813.82,28818.20,27841.05,26775.56,25738.66,24855.08,24030.63,23214.96,22423.80,21727.99,21047.37,20382.84,19734.94,19107.49,18504.49,17919.78,17353.68,16785.52,16229.68,15666.01,15094.47,14497.95,13883.94,13261.53,12630.64,11987.25,11321.87,10648.40,10000.80,9447.70,8903.74,8421.51,7944.62,7466.75,6990.86,6515.97,6022.21,5524.35,5028.66,4517.17,4010.34,3519.69,3049.58,2606.09,2187.38,1800.95,1447.29,1128.56,846.53,603.43,400.24,237.69,116.41,37.05
9.9,10.00,11.48,13.15,15.01,17.06,19.29,21.68,24.34,27.28,30.51,34.05,37.91,42.11,46.66,51.56,56.82,62.44,68.42,74.75,81.43,88.81,96.97,106.02,116.05,127.19,139.56,153.34,168.68,185.78,204.88,226.24,249.28,274.06,300.64,329.06,359.35,391.54,425.63,461.62,499.50,539.21,580.69,622.39,663.88,704.69,744.37,782.41,818.33,851.65,881.89,908.62,931.43,949.99,964.01,973.26
10,29831.96,28926.72,28035.66,27165.90,26140.08,25142.50,24298.31,23514.28,22739.70,21987.84,21318.03,20663.42,20024.84,19402.80,18799.72,18217.95,17654.17,17108.66,16556.21,16014.19,15464.65,14907.53,14316.31,13702.66,13080.56,12449.98,11810.52,11161.06,10503.63,9867.39,9310.89,8764.05,8273.55,7789.58,7315.26,6843.47,6373.29,5889.38,5402.92,4918.50,4419.14,3924.18,3444.34,2984.20,2550.08,2139.95,1761.59,1415.28,1103.22,827.26,589.55,390.98,232.17,113.71,36.19
10.10,10.00,11.48,13.15,15.01,17.06,19.29,21.68,24.34,27.28,30.51,34.05,37.91,42.11,46.66,51.56,56.82,62.44,68.42,74.76,81.43,88.81,96.98,106.03,116.06,127.19,139.57,153.35,168.69,185.80,204.90,226.26,249.30,274.09,300.67,329.09,359.39,391.59,425.69,461.69,499.57,539.29,580.79,622.49,663.99,704.81,744.50,782.55,818.49,851.81,882.06,908.79,931.62,950.18,964.20,973.45
11,29693.30,28688.08,27690.46,26709.07,25736.32,24792.23,23983.48,23227.73,22482.03,21757.88,21106.68,20470.82,19851.08,19247.92,18660.94,18089.07,17535.06,16999.16,16456.32,15923.67,15383.73,14836.47,14256.65,13655.18,13045.49,12427.52,11794.17,11128.53,10454.96,9801.77,9227.57,8664.23,8166.91,7677.62,7205.20,6735.77,6268.46,5791.32,5312.67,4836.08,4345.13,3858.37,3386.54,2933.94,2507.05,2103.63,1731.51,1390.81,1083.78,812.39,578.77,383.71,227.79,111.54,35.49
11.11,10.00,11.48,13.15,15.01,17.06,19.29,21.68,24.34,27.28,30.51,34.05,37.91,42.11,46.66,51.55,56.81,62.43,68.41,74.74,81.42,88.79,96.95,106.00,116.03,127.16,139.53,153.29,168.63,185.73,204.82,226.16,249.19,273.96,300.52,328.92,359.19,391.36,425.43,461.39,499.24,538.91,580.37,622.03,663.48,704.26,743.89,781.90,817.79,851.07,881.28,907.98,930.78,949.32,963.32,972.56
12,29735.08,28729.16,27731.03,26749.36,25789.54,24858.86,24050.54,23289.55,22538.58,21808.54,21149.49,20505.70,19877.96,19266.74,18672.55,18095.38,17536.11,16994.99,16453.59,15924.32,15387.90,14844.26,14269.39,13672.98,13068.48,12455.79,11826.56,11158.45,10482.41,9819.32,9218.37,8629.82,8109.58,7600.21,7121.49,6646.93,6175.66,5702.01,5229.08,4758.43,4275.94,3797.02,3333.34,2888.11,2468.46,2071.55,1705.35,1370.08,1067.65,800.00,569.64,377.34,223.81,109.38,34.74
12.12,10.00,11.48,13.15,15.01,17.05,19.28,21.68,24.33,27.27,30.50,34.03,37.89,42.09,46.63,51.52,56.78,62.39,68.36,74.68,81.34,88.71,96.86,105.88,115.89,127.00,139.35,153.08,168.38,185.44,204.48,225.77,248.73,273.43,299.91,328.21,358.38,390.43,424.38,460.21,497.90,537.41,578.69,620.17,661.43,702.02,741.47,779.29,815.00,848.11,878.17,904.73,927.40,945.84,959.77,968.96
